4.596362015183672156e+01 4.218589887619990009e+01 4.588320853693852541e+01
4.245031467143724058e+01 4.293832538983031100e+01 4.344575168039125401e+01
4.470839737368052624e+01 4.654832715246977415e+01 4.756649336747511825e+01
4.433636644413992656e+01 4.394951246494922259e+01 4.222187536346673653e+01
4.163670018189881716e+01 4.351590449460886134e+01 4.334864437071752263e+01
4.785083112572246478e+01 4.644173183304837238e+01 4.301132775862453173e+01
4.422971677846172156e+01 4.776063642518851537e+01 4.607398943394541391e+01
4.538635954713661391e+01 4.249112623382023912e+01 4.664074858130472023e+01
4.338813259162699865e+01 4.268400943871176878e+01 4.665632624380678806e+01
4.615947651599732637e+01 4.545005700430451867e+01 4.788773819123161957e+01
4.443109258848829768e+01 4.549535124686190102e+01 4.206705340816463945e+01
4.389589265444651289e+01 4.778625080546802906e+01 4.412537771759667748e+01
4.028361076321074563e+01 4.431907492500453571e+01 4.574295420504034837e+01
4.242207672219443282e+01 4.292357341586135533e+01 4.652867421883755128e+01
4.238340382370051884e+01 4.523679979140303686e+01 4.755153257021204638e+01
4.228415337715725286e+01 4.750173753107470986e+01 4.526723431749188364e+01
4.938431372479723791e+01 4.362131068228161723e+01 4.543356571700600455e+01
4.567805686793440145e+01 4.630132372184986878e+01 4.767533895105520969e+01
4.087119847117902793e+01 4.350291599779637863e+01 4.580772317464608534e+01
4.600704983473885079e+01 4.474119284493805537e+01 4.207837269026850890e+01
4.402473556340754612e+01 4.793632370239109974e+01 4.510898813183294465e+01
4.248578458637055633e+01 4.728574135968656833e+01 4.622363775847308887e+01
4.500079286670704448e+01 4.467259341220632507e+01 4.202296127857573538e+01
4.543317408408327651e+01 4.249077720711785844e+01 4.337512109473965438e+01
4.487222750176240993e+01 4.636139960895334156e+01 4.233560742639495800e+01
4.686622734860797834e+01 4.651139630418496296e+01 4.267220902500446300e+01
4.741671401113629258e+01 4.569064689942180024e+01 4.247386035739174304e+01
4.727754612939077816e+01 4.503292035980033603e+01 4.767513317094794445e+01
4.169620249784770749e+01 4.458777095332267493e+01 4.722157692729469147e+01
4.155480646615990281e+01 4.610190282931812789e+01 4.313216998606145580e+01
4.699993567246531256e+01 4.290229228057708610e+01 4.678736554003057790e+01
4.383543165845247813e+01 4.221526279407622440e+01 4.589133618953168536e+01
4.722462167317009829e+01 4.713089807162337053e+01 4.337647206628290064e+01
4.371871553634700547e+01 4.409734034979753403e+01 4.776323825597579287e+01
4.339963552049326267e+01 4.215275223369656032e+01 4.499077086693453964e+01
4.127586737150761564e+01 4.545949099789518755e+01 4.695464691545245728e+01
4.262645773224495827e+01 4.459369071309345145e+01 4.239496449917827192e+01
4.396089729853629535e+01 4.316255791576901402e+01 4.271340842129163207e+01
4.075504475900233103e+01 4.595615983900660240e+01 4.374132497316959700e+01
4.596517879067347678e+01 4.309228348695684474e+01 4.276037766406280127e+01
4.692379754485207854e+01 4.761671139764624883e+01 4.589594462967097854e+01
4.045163059192454114e+01 4.374832130984502498e+01 4.492800032978816205e+01
4.649045524074610114e+01 4.390844254865676533e+01 4.235680331613600913e+01
4.905555991597208276e+01 4.653942243295342962e+01 4.417663642691499604e+01
4.507385896792784763e+01 4.312911987299122529e+01 4.735388370651931211e+01
4.335271510630818170e+01 4.389073645504062426e+01 4.239671478498027568e+01
4.213393043581230302e+01 4.369758746825984019e+01 4.709455833619135490e+01
4.852654471148165527e+01 4.332550462936255542e+01 4.369128226235093848e+01
4.171555324881317972e+01 4.437949367781604337e+01 4.282758419170700392e+01
4.248538991031171008e+01 4.619374766423818102e+01 4.270497511452087736e+01
4.779054445414679719e+01 4.718064665776422117e+01 4.619552149354824166e+01
4.982409837005349829e+01 4.563780595164954690e+01 4.545281033540098292e+01
4.483187723488420318e+01 4.213032852300136710e+01 4.588943676704194274e+01
4.527565342369070578e+01 4.710188931670118251e+01 4.287599013559646721e+01
4.433728751047858907e+01 4.485919417708579715e+01 4.797616484472422371e+01
4.770714144780711052e+01 4.750445822388330441e+01 4.525301088208267686e+01
4.739375763123615570e+01 4.672084852832480095e+01 4.699437091779500975e+01
4.644569051317174058e+01 4.449188803791115276e+01 4.783240845050664802e+01
4.923783669047321609e+01 4.573726445625008097e+01 4.359980654083106799e+01
4.421710300359349333e+01 4.697265419935429520e+01 4.279839067199399949e+01
4.870263781181773766e+01 4.337100817325004698e+01 4.619656740594420796e+01
4.493532016687062480e+01 4.211742045857509709e+01 4.415959998896757099e+01
4.306654765325158962e+01 4.598809937927219238e+01 4.758868207820906093e+01
4.539470186614207847e+01 4.200558433914434886e+01 4.506799159251637832e+01
4.643277247939039398e+01 4.256580044994582579e+01 4.347092735457005119e+01
4.679785485598611672e+01 4.363375832619425410e+01 4.745067339435082943e+01
4.321258643325613491e+01 4.771446356352409879e+01 4.568396076757559854e+01
4.439315398107306976e+01 4.201743279872714254e+01 4.499744205393757568e+01
4.548809837877583107e+01 4.382936126593708082e+01 4.225716878330420911e+01
4.403175608368471217e+01 4.581061497127763005e+01 4.783394376467346376e+01
4.347457916192092853e+01 4.735728725242480408e+01 4.661394295226872941e+01
4.544655205591438119e+01 4.470125032168448342e+01 4.797888392991713147e+01
4.969676491408600327e+01 4.492033486230714345e+01 4.398390724544788100e+01
4.198044166555119716e+01 4.532988075152071161e+01 4.263664161747236392e+01
4.008603558784119514e+01 4.526840144201426597e+01 4.549762995809379618e+01
4.751308783387613488e+01 4.748127359015931148e+01 4.426926159146512418e+01
4.500454641399642952e+01 4.560409598472589465e+01 4.794314091989738813e+01
4.855760583275026931e+01 4.409184026635729481e+01 4.690821870999882037e+01
4.923280540194124910e+01 4.615517629982340253e+01 4.609949720250686767e+01
4.374217329993363990e+01 4.476637294521313493e+01 4.211064317773515597e+01
4.446494018231156531e+01 4.728110041536319841e+01 4.692223920163415585e+01
4.867164125551916243e+01 4.690183484700219907e+01 4.571641839418465736e+01
4.322312996426880716e+01 4.684355672822028538e+01 4.289572201885360414e+01
4.520514508660000530e+01 4.768148590744317517e+01 4.633580276452050839e+01
4.138217199987983008e+01 4.674275108335808682e+01 4.389106960603118068e+01
4.798043481339428951e+01 4.486756926576951798e+01 4.260138545649699893e+01
4.543772284319231147e+01 4.557312253837419291e+01 4.207356647164414198e+01
4.881757772655495842e+01 4.561490411556609814e+01 4.683916783598820643e+01
4.005688940532613174e+01 4.464599967944842263e+01 4.470358262884478506e+01
4.973778473777933584e+01 4.412251945856316127e+01 4.462086592712762467e+01
4.391738109407546631e+01 4.219897028684940210e+01 4.413380061968588564e+01
4.306417165362451271e+01 4.774399062624469536e+01 4.468902489151362545e+01
4.821983698976748656e+01 4.495322477127162841e+01 4.729893649262281485e+01
4.222365895454623796e+01 4.249941017909972629e+01 4.498702566011387205e+01
4.016988444101966138e+01 4.564212483756272576e+01 4.456687628507317811e+01
4.040258136770231090e+01 4.501257984204530516e+01 4.382248222272943394e+01
4.307522911139919586e+01 4.341017726187737935e+01 4.727643735360531707e+01
4.203592198518538225e+01 4.609255428905868257e+01 4.715943203668932426e+01
4.223286308849181125e+01 4.738102726745427873e+01 4.425865143408448432e+01
4.695281589782878484e+01 4.599173944684226001e+01 4.758055482542435755e+01
4.463536630127543958e+01 4.757250651819923348e+01 4.348515170148502307e+01
4.847586057071703181e+01 4.566258888909402458e+01 4.295645433996752161e+01
4.060269280886103616e+01 4.569780385404563106e+01 4.625221363288143550e+01
4.070883643657289497e+01 4.648539397831633835e+01 4.460634874329662125e+01
4.848632262935714010e+01 4.712914034882120262e+01 4.475073917935758061e+01
4.336267115806377603e+01 4.505971902396250073e+01 4.783996230490512858e+01
4.306639084537749795e+01 4.548510487863797636e+01 4.228193428465911552e+01
4.284443517443426686e+01 4.240250130233906134e+01 4.578537452969139565e+01
4.438816395201314435e+01 4.253898632575058514e+01 4.668847027702319963e+01
4.789968938345240446e+01 4.334086806662547531e+01 4.680269345129605085e+01
4.499913386220526235e+01 4.797046716479392359e+01 4.539183705945492875e+01
4.159446876858511644e+01 4.703336691879534470e+01 4.582915815479215382e+01
4.988153710947207031e+01 4.460638119098354082e+01 4.551593291908051242e+01
4.131363375792749082e+01 4.635560658989131610e+01 4.651053112495735320e+01
4.860821831547345795e+01 4.294098000016867900e+01 4.529746040134318719e+01
4.924258751290402358e+01 4.402858841920344446e+01 4.374972299516264229e+01
4.405491894591887103e+01 4.321425383359409977e+01 4.735237838731087834e+01
4.910074147931379684e+01 4.335442923580392005e+01 4.451027665441441172e+01
4.092362130292055156e+01 4.423703005592422244e+01 4.344006770644243431e+01
4.340731819129945279e+01 4.265163793199555187e+01 4.339417122649263092e+01
4.305874886733781182e+01 4.743160447437857385e+01 4.369700604586975601e+01
4.443270519469650992e+01 4.252770869927368835e+01 4.333355127606523638e+01
4.277826404408122585e+01 4.676691538703968121e+01 4.702771763691247031e+01
4.560969138609688400e+01 4.766858837082033062e+01 4.369433007390220780e+01
4.767062126036618963e+01 4.412203006257654181e+01 4.738552386840437691e+01
4.749431073929617497e+01 4.399353271632885765e+01 4.260730306610825835e+01
4.175969813204359582e+01 4.286649400685757882e+01 4.417243055224187742e+01
4.694158083126165337e+01 4.239013296132344522e+01 4.592828603927992503e+01
4.657851016965121005e+01 4.763837554699218657e+01 4.394969774169793197e+01
4.707376138023253986e+01 4.238157524556453382e+01 4.422101842017656281e+01
4.145925656593220765e+01 4.710873675075477962e+01 4.483932129702668590e+01
4.617131728806689495e+01 4.747517688009992298e+01 4.654004531094865627e+01
4.791857781173293773e+01 4.591024196262738144e+01 4.726184405059152027e+01
4.283898463618064056e+01 4.241149088947865664e+01 4.420165923656453799e+01
4.643794647158394895e+01 4.563660368328169170e+01 4.220523006922161358e+01
4.789072214832512486e+01 4.275611393795983872e+01 4.599118944698203393e+01
4.951524959351526434e+01 4.516238540214867925e+01 4.627982802683600028e+01
4.626102800480541077e+01 4.718746770130003654e+01 4.310288700814327001e+01
4.223178260989567434e+01 4.689490406268918576e+01 4.338111424445646946e+01
4.496547312292074139e+01 4.309024222690160855e+01 4.268824566718457447e+01
4.900125423183949636e+01 4.484127313458104425e+01 4.321533991919771722e+01
4.695117710739710049e+01 4.320536181317466173e+01 4.290286091512005839e+01
4.095977122993215858e+01 4.347732390247682588e+01 4.409627118635989973e+01
4.815906653603438059e+01 4.274631281717694264e+01 4.442025474719000044e+01
4.172954567379774460e+01 4.286758916966630295e+01 4.579807544867878732e+01
4.377082286205914841e+01 4.619118312346046196e+01 4.235437255242406707e+01
4.076076495003695754e+01 4.646825697675210876e+01 4.561339448255546358e+01
4.575077157280267670e+01 4.378116834683355307e+01 4.771130010088519668e+01
4.072886070805509462e+01 4.472379740750353960e+01 4.654411182980399531e+01
4.935519887833110886e+01 4.646103162884300275e+01 4.512860074483612038e+01
4.840763189231359576e+01 4.650360596881083097e+01 4.659879791393987603e+01
4.275116007468895418e+01 4.430553815757946268e+01 4.759547889015385636e+01
4.700148809667787475e+01 4.480185276826097152e+01 4.226391924707814951e+01
4.752417520958674402e+01 4.240907733626636400e+01 4.511538526394888038e+01
4.119056626871885385e+01 4.305065544941204791e+01 4.497380864937656497e+01
4.111398612954474174e+01 4.517004087850585847e+01 4.312386235392656886e+01
4.588650885431732007e+01 4.644317240341141684e+01 4.243271561749506304e+01
4.607393694339162238e+01 4.300802054311905920e+01 4.715794384481878865e+01
4.932285457511449067e+01 4.418017740207666577e+01 4.627026967499907073e+01
4.475219908205539809e+01 4.396165573475239796e+01 4.781795046244501179e+01
4.680586439744615745e+01 4.779089625997038837e+01 4.491674460945284864e+01
4.594182430735520484e+01 4.214987934382344292e+01 4.424290979374364952e+01
4.125533530977806151e+01 4.387961620369955540e+01 4.665300081220081552e+01
4.654594794537310776e+01 4.214317860823764761e+01 4.503996335772897908e+01
4.484910173147125079e+01 4.793281613756662551e+01 4.440227715231095829e+01
4.543300025814032495e+01 4.710100789796300091e+01 4.712644501575205425e+01
4.972775736311839978e+01 4.580660086726756219e+01 4.447058292705128224e+01
4.840524648378291772e+01 4.405801804186133097e+01 4.302056118219626057e+01
4.244665151687910054e+01 4.368780971800818236e+01 4.278112250193602506e+01
4.763346314268972037e+01 4.289163573388324835e+01 4.356602171145067359e+01
4.597869610987780931e+01 4.787067118978025348e+01 4.562707965101212437e+01
4.584839736124974507e+01 4.792818715555505094e+01 4.463374990603681169e+01
4.821708268177989254e+01 4.694549084052200527e+01 4.379510146946287819e+01
4.642698098902676662e+01 4.680225203631386677e+01 4.724151389546366886e+01
4.373507905280469288e+01 4.670174209474727434e+01 4.735394221546974336e+01
4.142238806847220900e+01 4.418146022226712688e+01 4.467332290148387131e+01
4.637359332528570377e+01 4.301996194486037695e+01 4.457563820603363780e+01
4.670473728066745167e+01 4.371834526588215653e+01 4.376484592210759672e+01
4.684379205983859151e+01 4.456044597050543388e+01 4.322946842490562602e+01
4.322031476738767708e+01 4.385847424214868795e+01 4.341945844925176345e+01
4.355900791251347215e+01 4.477492156984301630e+01 4.309488253776655853e+01
4.578730509820769612e+01 4.332202894651590697e+01 4.380899514360157099e+01
4.769096322725816606e+01 4.388736051413681594e+01 4.370001038717190056e+01
4.259005813736485635e+01 4.499554139822349441e+01 4.336202660114916796e+01
4.520317355507602741e+01 4.470646494665464843e+01 4.376942188831235114e+01
4.290796647759019322e+01 4.645295628158775258e+01 4.397328547793956233e+01
4.591559215890109868e+01 4.409428183176193272e+01 4.317951791912344817e+01
4.668602358566884192e+01 4.556150588526596579e+01 4.317935169231688519e+01
4.534478867391596424e+01 4.595642489737467429e+01 4.314278175823773864e+01
4.433724084908897112e+01 4.605835252624775933e+01 4.332324768956062400e+01
4.503627088207553442e+01 4.669050969107273374e+01 4.376752345424048229e+01
4.582568084989743085e+01 4.507706624575151722e+01 4.300399435856933650e+01
4.206989541789715048e+01 4.351814771087786937e+01 4.507255201217595442e+01
4.482407570503152527e+01 4.401529977981359565e+01 4.311166091146318280e+01
4.664029788151984235e+01 4.399135856730670469e+01 4.473210812598959762e+01
4.595325191375362550e+01 4.362668829086351252e+01 4.536174519353188828e+01
4.230727031619323242e+01 4.412623980881078722e+01 4.378639115088717659e+01
4.761678380036477165e+01 4.413545718302808751e+01 4.495507724548110673e+01
4.543649113569076547e+01 4.448506435517082025e+01 4.528351441860188942e+01
4.733124164372866716e+01 4.332309222514140146e+01 4.444467472579449208e+01
4.321046607289304831e+01 4.577862807307495530e+01 4.328061112272296640e+01
4.285427597935785826e+01 4.397508966467544411e+01 4.461071668099812371e+01
4.533254308592091064e+01 4.395930550314725593e+01 4.443769100037238928e+01
4.665833299592955541e+01 4.546511542456530464e+01 4.417803151692400832e+01
4.873178347594021886e+01 4.508772312305661245e+01 4.423261675556501871e+01
4.386715485028375383e+01 4.684001035671115432e+01 4.374456825619085265e+01
4.245970765485137122e+01 4.505072494387371762e+01 4.455664880683131202e+01
4.400123536890349385e+01 4.535431599565340122e+01 4.492070731051242660e+01
4.453517563565450388e+01 4.499608487790545297e+01 4.295413732597457113e+01
4.615575463678799650e+01 4.459844806592073496e+01 4.409319976295756760e+01
4.226318149457897988e+01 4.630952592833701686e+01 4.617544454936124509e+01
4.125319346773557072e+01 4.557578315293254434e+01 4.453376637362017476e+01
4.626763213796242979e+01 4.636152007664487940e+01 4.367605927483228356e+01
4.776701996555875951e+01 4.515049878157753227e+01 4.354386901476403438e+01
4.449981292820920231e+01 4.700149439416567532e+01 4.455466716131597593e+01
4.729698581447626538e+01 4.660525240631201882e+01 4.545727620713139316e+01
4.632858024186288048e+01 4.696101547030428947e+01 4.533124175086440033e+01
4.304852250788336221e+01 4.309394000048752815e+01 4.508521327877259921e+01
4.474869606308023151e+01 4.332430374850836330e+01 4.388207965798962107e+01
4.842940366336973312e+01 4.412829441391551200e+01 4.437120507793474644e+01
4.597976862482825311e+01 4.576805606597605447e+01 4.576506814616531216e+01
4.693597482990303149e+01 4.486864215932178013e+01 4.511459531626870501e+01
4.309545129985152556e+01 4.346950336290444739e+01 4.601813479914584093e+01
4.215531254581346587e+01 4.574363777354058413e+01 4.386780594499973063e+01
4.328490367475959033e+01 4.470753287832377509e+01 4.407308174150247027e+01
4.566024601078191836e+01 4.558614297473960164e+01 4.403242271162056909e+01
4.608592764979589163e+01 4.495736527864874432e+01 4.701972310249887954e+01
4.229038306865192709e+01 4.447940769291152208e+01 4.538191080273595190e+01
4.473857208668135854e+01 4.587322796209905817e+01 4.429842278096636221e+01
4.456429891148576417e+01 4.454372768140394356e+01 4.473548948234776645e+01
4.497825284479004893e+01 4.536495644003484529e+01 4.513902490419651770e+01
4.681052032142453356e+01 4.677899796204554406e+01 4.440826794248172860e+01
4.423906139477087862e+01 4.506744476783390496e+01 4.392762061785798977e+01
4.661970126138077575e+01 4.600519674616701593e+01 4.502662707141724496e+01
4.161832645913735007e+01 4.485495661568874937e+01 4.393452430021220323e+01
4.527761741060631806e+01 4.701341245160102034e+01 4.523274338969878983e+01
4.558441827980642813e+01 4.612090124936628399e+01 4.487986070968918284e+01
4.833925726182278026e+01 4.576488757289531861e+01 4.587243131478347635e+01
4.582559035057767716e+01 4.695653542558046922e+01 4.436964749755988890e+01
4.499811714516707895e+01 4.583978554894972746e+01 4.604777025401799051e+01
4.429352219367628862e+01 4.297627966955497669e+01 4.470677147832977028e+01
4.477462506113831608e+01 4.373459943607589651e+01 4.530302785700409629e+01
4.530246686154303859e+01 4.293686372490779490e+01 4.467773632192238864e+01
4.703954228543989302e+01 4.376508216237539273e+01 4.627821126706392363e+01
4.383059918665777133e+01 4.384795230867680260e+01 4.495074628130208083e+01
4.347994349138649284e+01 4.325904543065163210e+01 4.419085905534495851e+01
4.407209115050591919e+01 4.407280424380606831e+01 4.391165680753620393e+01
4.718688234881754795e+01 4.461443363231743575e+01 4.417257429944769598e+01
4.755236757625101518e+01 4.452558530432632011e+01 4.587847111887349882e+01
4.600873634255572853e+01 4.521098093984495847e+01 4.489467997044853576e+01
4.829337248454790199e+01 4.594957256879282426e+01 4.389696937516124819e+01
4.775718020411554221e+01 4.646006426734603423e+01 4.457282982501138946e+01
4.247622073873715465e+01 4.548954798937322153e+01 4.560474280216244836e+01
4.456627490899284538e+01 4.627563198517194110e+01 4.524825687435735944e+01
4.374263762904127617e+01 4.592295681907063454e+01 4.412782544653471462e+01
4.216452858124385727e+01 4.638851087196265155e+01 4.465402287738449161e+01
4.725238616463293795e+01 4.615374809624980657e+01 4.376209931193351110e+01
4.406162272196640117e+01 4.317695390396573174e+01 4.573330743522600272e+01
4.847061661327688853e+01 4.403562182741708853e+01 4.548137235876646400e+01
4.244119429841957469e+01 4.464041650979394404e+01 4.645218269514315068e+01
4.646032882015312993e+01 4.452007320947542013e+01 4.594966507300605230e+01
4.529148724458551101e+01 4.301358109573277488e+01 4.579329923034771355e+01
4.331404648728442908e+01 4.420747350687044985e+01 4.671436887610339284e+01
4.675014026863657790e+01 4.557472746768285532e+01 4.649549945407616747e+01
4.212622340436673340e+01 4.376667343608892935e+01 4.607787834401895566e+01
4.389502789226642676e+01 4.416349068426654156e+01 4.589752499523849139e+01
4.331153580268082948e+01 4.630645098542043314e+01 4.629097066166647068e+01
4.700857728656531975e+01 4.463822424338154349e+01 4.678811107441237738e+01
4.322306504514889269e+01 4.474881372743830354e+01 4.512883039632752968e+01
4.482748175382588585e+01 4.535110486673013241e+01 4.692193096699997312e+01
4.535918458314852586e+01 4.395476842832222530e+01 4.613000900323493880e+01
4.472532073654416251e+01 4.684744251743953214e+01 4.605433090487944980e+01
4.349827043180452790e+01 4.682149587792992662e+01 4.469297115862256220e+01
4.556283783402535192e+01 4.494457777713042645e+01 4.616673160563848199e+01
4.761542521842089570e+01 4.546439449349877293e+01 4.448683736677160283e+01
4.401516738706845899e+01 4.571412064340511705e+01 4.587272354470034230e+01
4.285572395669736068e+01 4.667764316445262551e+01 4.544730523051970295e+01
4.333082157310923321e+01 4.500250774608667115e+01 4.609317799752525957e+01
4.456913903201545679e+01 4.488708412060864106e+01 4.605838120141613956e+01
4.451635291640619130e+01 4.358877309193912453e+01 4.654359420061179264e+01
4.691791013984867220e+01 4.326975262677317602e+01 4.541425104733115603e+01
4.615583834348711179e+01 4.393144752716462165e+01 4.673455393555821047e+01
4.856870100065262363e+01 4.482858713959927144e+01 4.615550758044538782e+01
4.162456822924971789e+01 4.511691411144878572e+01 4.606233028835571019e+01
4.097412002844219359e+01 4.486275224571600972e+01 4.525398948576754066e+01
4.527355035728334087e+01 4.436299650904273051e+01 4.705142638303829017e+01
4.771593087640835762e+01 4.529092030884244480e+01 4.650160062052484733e+01
4.854174598063276846e+01 4.591273454968364831e+01 4.489585722155278802e+01
4.302779077907763394e+01 4.582786631816421163e+01 4.483073725292686618e+01
4.821116020074072139e+01 4.499311434543608357e+01 4.520406363265433924e+01
4.161886988976181811e+01 4.597150061981766100e+01 4.541844924585013388e+01
4.576709468621594823e+01 4.593573652597730472e+01 4.674746829105807677e+01
4.571632996715977271e+01 4.669011252858553718e+01 4.609022376643969920e+01
4.669869744174867776e+01 4.660202529035390739e+01 4.626087081454474514e+01
4.275120258367832804e+01 4.557014344980199638e+01 4.668088094587804449e+01
4.381749634115215031e+01 4.691228514396498639e+01 4.563881032593659626e+01
4.372445945151851987e+01 4.541266036701535569e+01 4.695848239361323806e+01
4.623866541670992092e+01 4.310555976361386143e+01 4.617088965505531917e+01
4.431120148071990172e+01 4.619962549029308718e+01 4.670580266404335390e+01
4.425088882806458912e+01 4.448916655980162460e+01 4.698406616544582448e+01
4.738719022553388527e+01 4.561813658845886010e+01 4.560319179830928960e+01
