4.230078753962204985e+01 4.243539537307162846e+01 4.644513383896518377e+01
4.812619852049714098e+01 4.293013599874316810e+01 4.643699479985638590e+01
4.844498329904291722e+01 4.298776563256716088e+01 4.547806245372756706e+01
4.788229179300758176e+01 4.628037040148731052e+01 4.746508352415758480e+01
4.815943050112913681e+01 4.312706308011617296e+01 4.336432405610577234e+01
4.468154283515917768e+01 4.120009836563974659e+01 4.375356187979232914e+01
4.688115786681866837e+01 4.597163730751439203e+01 4.159339987053739662e+01
4.352281962035003460e+01 4.709476789974478095e+01 4.193697592189856493e+01
4.699311408328395601e+01 4.846568250382520660e+01 4.497964528390218675e+01
4.390698669044583369e+01 4.567101818629225107e+01 4.877470445286968470e+01
4.702066515549749681e+01 4.180395498460758574e+01 4.634790996845381983e+01
4.165677345616589378e+01 4.307467535673723091e+01 4.601939598839289403e+01
4.139570926433839304e+01 4.668081586655838322e+01 4.481104648529360190e+01
4.671718027028933307e+01 4.389886364016828679e+01 4.844456366571010619e+01
4.770834572379955318e+01 4.715622931053110989e+01 4.700519499351299402e+01
4.587731379599911463e+01 4.820533259350523281e+01 4.720848646348883193e+01
4.688425540703599381e+01 4.837757886977654209e+01 4.398066434657458501e+01
4.879419987696337557e+01 4.568896084030252780e+01 4.610243464122679313e+01
4.518014435069761703e+01 4.780462491301801009e+01 4.782856890418623408e+01
4.215587025192816384e+01 4.754314137025300369e+01 4.613115091302407222e+01
4.566268033450053565e+01 4.184483084821194154e+01 4.260553372943653017e+01
4.744601628983880914e+01 4.259963897059557780e+01 4.289827392480151502e+01
4.616764331937419286e+01 4.164127778001810043e+01 4.685462074777118602e+01
4.877719665909206981e+01 4.390714528472415168e+01 4.581761266668357280e+01
4.113673571116025585e+01 4.578960590271917397e+01 4.443324841940719239e+01
4.555363068961219142e+01 4.109358461805788920e+01 4.425853587403700828e+01
4.836789427650957407e+01 4.645662247134774248e+01 4.660724829301592109e+01
4.519792583713248746e+01 4.449623593113133779e+01 4.895784370023167753e+01
4.371127294760812276e+01 4.658550429991897346e+01 4.842012332325144541e+01
4.541191583657497688e+01 4.702396015773069848e+01 4.841308797695663202e+01
4.365776365714756935e+01 4.235729296700439761e+01 4.768168359343121665e+01
4.603377953029905711e+01 4.144401254119556199e+01 4.344373676070657098e+01
4.824912978504754335e+01 4.497592153205705756e+01 4.263782753451985741e+01
4.793691612512930078e+01 4.690283220741184778e+01 4.304254010747793302e+01
4.282271418031621124e+01 4.366576086052990036e+01 4.191985291687571191e+01
4.105045391373205632e+01 4.446897025959324878e+01 4.490726917595173973e+01
4.879666264468130521e+01 4.369219826195582357e+01 4.484114888833011037e+01
4.695850640995739411e+01 4.187461940274896222e+01 4.340258072710359727e+01
4.779183420842656460e+01 4.332886690320836465e+01 4.734568607451600286e+01
4.445084376350524735e+01 4.724809370747858850e+01 4.824456278203484771e+01
4.888044936913533434e+01 4.554659038106954938e+01 4.412532259254734868e+01
4.149146210786979339e+01 4.441519261558721610e+01 4.318932006278608071e+01
4.150473001273013551e+01 4.645035963744629015e+01 4.375265700010859860e+01
4.295180194938971852e+01 4.156739997401990649e+01 4.480453072881344667e+01
4.508367826055288674e+01 4.298616655031140965e+01 4.845443448601481151e+01
4.403106462839186008e+01 4.846930115936144290e+01 4.328482005119670362e+01
4.663851716107775758e+01 4.808855359120761364e+01 4.305412448466456965e+01
4.658126052884064450e+01 4.223660098182776323e+01 4.254813017449737345e+01
4.189660027551799715e+01 4.748824008571573785e+01 4.514725312991492956e+01
4.682382594290683642e+01 4.305804255580262918e+01 4.199196406204502807e+01
4.576794031073555402e+01 4.368402026264170956e+01 4.869811356860666507e+01
4.510734159725899417e+01 4.307367664078397240e+01 4.148186766331713216e+01
4.464491231138154603e+01 4.638696610431964729e+01 4.872172810219418437e+01
4.426910723330163933e+01 4.891274143477215119e+01 4.520362861287259193e+01
4.130192199923932606e+01 4.350266103541062535e+01 4.500041249575747315e+01
4.348874312847634371e+01 4.419089585702793954e+01 4.138246156926585684e+01
4.298208210779795024e+01 4.174953199293742045e+01 4.382093701227043425e+01
4.165969734647354983e+01 4.296779632177734243e+01 4.418396812330483669e+01
4.769414420875123994e+01 4.792433617447844085e+01 4.544810392340381355e+01
4.328317909412488973e+01 4.517341646495808050e+01 4.139184145655747216e+01
4.328943090438050945e+01 4.190615809619875165e+01 4.686813845817660962e+01
4.559168797390817929e+01 4.207553424456210678e+01 4.767232131385145522e+01
4.617603408170336365e+01 4.466021117958230491e+01 4.880632755576326076e+01
4.789596335450691811e+01 4.221879926345229705e+01 4.481545992531678735e+01
4.830688064539663173e+01 4.402191495033061130e+01 4.293503679601542444e+01
4.663874715736697851e+01 4.691060122364056895e+01 4.188251370466477397e+01
4.185549005730861438e+01 4.729562979884694585e+01 4.416084543867933121e+01
4.463859128804341481e+01 4.227354509681430272e+01 4.790549776098299617e+01
4.586453244250895978e+01 4.753061902275471340e+01 4.202294804571309328e+01
4.266056268552895858e+01 4.817799821883240696e+01 4.552352396775246035e+01
4.499737100008334778e+01 4.867600614352124211e+01 4.344216614091911310e+01
4.506518398069518128e+01 4.603447264714423426e+01 4.113190481842239876e+01
4.748521936580578995e+01 4.774779232989913424e+01 4.347967183536430014e+01
4.822032632732022250e+01 4.461055248987362631e+01 4.735613178913521892e+01
4.174818874374327038e+01 4.345165731189047165e+01 4.327161573418477758e+01
4.622866638584082466e+01 4.438902383918789951e+01 4.122829919450884972e+01
4.699683787782178968e+01 4.310119836412184213e+01 4.791002599648074067e+01
4.457507447943999068e+01 4.879153717814133984e+01 4.615191222673444571e+01
4.177849384649005060e+01 4.655319231876546837e+01 4.674554806070919710e+01
4.379174572253511144e+01 4.160594998545654732e+01 4.324343138098547001e+01
4.435891231073885876e+01 4.370929646441520333e+01 4.125992424640563172e+01
4.462551369580384630e+01 4.107772653903865034e+01 4.573550477677287773e+01
4.623355794390595008e+01 4.875593064674099253e+01 4.556223211268898865e+01
4.407389825225099855e+01 4.880031824857244516e+01 4.422780917680729829e+01
4.647013078568974720e+01 4.560682711574151682e+01 4.866701722326990875e+01
4.557709012428972528e+01 4.871949350586796612e+01 4.632134661142839605e+01
4.896404351486692974e+01 4.461226319184740419e+01 4.447446036056646790e+01
4.841925697185898514e+01 4.383882547717730915e+01 4.675119209394928532e+01
4.778315729497138875e+01 4.536013640542128655e+01 4.785652223668504490e+01
4.134443211926912909e+01 4.571434859022226505e+01 4.640516912638555169e+01
4.352249462761486143e+01 4.860450175397632222e+01 4.582704871493374554e+01
4.872351829979885451e+01 4.476146262760429551e+01 4.647567691013099989e+01
4.378474658679222387e+01 4.126740591214355902e+01 4.419439508845060516e+01
4.334786166812762076e+01 4.617072288023605608e+01 4.155424365569598422e+01
4.166756101969447457e+01 4.372748623310417315e+01 4.678125584476951815e+01
4.409597028132692742e+01 4.140975496418336377e+01 4.652392986504901984e+01
4.422502441139783969e+01 4.794746861873542798e+01 4.756551841818411930e+01
4.710108132529775560e+01 4.486979971111668419e+01 4.840373304688527156e+01
4.230060566098919139e+01 4.350425270676234391e+01 4.752723073852619962e+01
4.412780498230010551e+01 4.567139291878586249e+01 4.115245188122281661e+01
4.898272238171109905e+01 4.482502841364169655e+01 4.547764245679811523e+01
4.238905752036956187e+01 4.515699373520923388e+01 4.800457270195764892e+01
4.374748573630570547e+01 4.787309457841151072e+01 4.252830755046052502e+01
4.491860300445581800e+01 4.843015902896264890e+01 4.702886689766378936e+01
4.707156677537334133e+01 4.701247470263749051e+01 4.776328390019259018e+01
4.525620162575559391e+01 4.896090162272141555e+01 4.539711579705443256e+01
4.470487062743049478e+01 4.817978135541957840e+01 4.260072016749684565e+01
4.242327451947370776e+01 4.199469076379769206e+01 4.555425552921531107e+01
4.187587984337093872e+01 4.505319730743975271e+01 4.251500695059561963e+01
4.602850454609574626e+01 4.883689018885308997e+01 4.458563983355055882e+01
4.246524242876860455e+01 4.803520448786913022e+01 4.452950853824931698e+01
4.817575475285481446e+01 4.722099137673949798e+01 4.397732946670572574e+01
4.416551642320993665e+01 4.470906944364075741e+01 4.889106606736255145e+01
4.115622699847182275e+01 4.594015833035808072e+01 4.543935946407673754e+01
4.538950532117696923e+01 4.124936501112071596e+01 4.636271341188540873e+01
4.431758103260767712e+01 4.469137233967312284e+01 4.106508200813667031e+01
4.716954121188207694e+01 4.167760704286311579e+01 4.436210946753570283e+01
4.748897096171474175e+01 4.648537974510592363e+01 4.222794738618698318e+01
4.426420012098861889e+01 4.663325547758636702e+01 4.142444020794043524e+01
4.569592250485862905e+01 4.821808213039993518e+01 4.273231340569978443e+01
4.700614990983953589e+01 4.494762531175703657e+01 4.152314812084770779e+01
4.552129582660587914e+01 4.103096091831018555e+01 4.527638409080226722e+01
4.325743917154470353e+01 4.279185693113703337e+01 4.214946615236630123e+01
4.294354049751882485e+01 4.689107249269157762e+01 4.783629929834832950e+01
4.386976738535420850e+01 4.839753126545237194e+01 4.674370747207571242e+01
4.525467301544126997e+01 4.503975216086839595e+01 4.099993841229746749e+01
4.765875199804635542e+01 4.439027854475962442e+01 4.205038827184708339e+01
4.718245556674783359e+01 4.610054950736468271e+01 4.816557844721956627e+01
4.764737363667761372e+01 4.345327307500012637e+01 4.240086357663848560e+01
4.322743940145127794e+01 4.153840982681967375e+01 4.594002707379643624e+01
4.655747408562940848e+01 4.229410168898854749e+01 4.751473847980387433e+01
4.452794858969762970e+01 4.377509468907807388e+01 4.877258827716987355e+01
4.606218874138014030e+01 4.342990119946367145e+01 4.146048540525556803e+01
4.416236281422675347e+01 4.284326182751779299e+01 4.172611261808016536e+01
4.178446766749088681e+01 4.263466541416391919e+01 4.512701058654356956e+01
4.143131508297256005e+01 4.554197416401923704e+01 4.330529063186179428e+01
4.108976388480655828e+01 4.499338452396914079e+01 4.575898572941258635e+01
4.865339432409390952e+01 4.660931631975940093e+01 4.461792719089044112e+01
4.627643544955115829e+01 4.129978120685115073e+01 4.588814290744139868e+01
4.716562213397725145e+01 4.736657276019091256e+01 4.260012959932821275e+01
4.295352029648873327e+01 4.594057748553096587e+01 4.828512834696957157e+01
4.471279222589382130e+01 4.163040477136493678e+01 4.284068259583919769e+01
4.320723185663921129e+01 4.497838471435130003e+01 4.856031895784012420e+01
4.396615952082855472e+01 4.212929672939485215e+01 4.239969887459264442e+01
4.128348990041763500e+01 4.388961968642283296e+01 4.406340586079184618e+01
4.222934315574786979e+01 4.255912711149754557e+01 4.346479329965687555e+01
4.124759945014170626e+01 4.400586499905766402e+01 4.590678863392072628e+01
4.486987410853259917e+01 4.161846472033491295e+01 4.714194552340661204e+01
4.651574660265819716e+01 4.839655123061453423e+01 4.645403933530423757e+01
4.408099864268129409e+01 4.299128844784317494e+01 4.832965104212453866e+01
4.490952045489073896e+01 4.225375608803607008e+01 4.207547654029686157e+01
4.757469547696210554e+01 4.411305698715982260e+01 4.793940084582465744e+01
4.139363930385309231e+01 4.468587771612044435e+01 4.666263710550403232e+01
4.295322733780756153e+01 4.807399592201391414e+01 4.648492059517869279e+01
4.267713168399399137e+01 4.658805791470663848e+01 4.216873200815157929e+01
4.893796120726803167e+01 4.576568576337573546e+01 4.510030900684541422e+01
4.355665031144688726e+01 4.398016225206652052e+01 4.857774235504485461e+01
4.530428217413080461e+01 4.402072852375872003e+01 4.112209830058401394e+01
4.256981378821066642e+01 4.463128124299343824e+01 4.184759128184443000e+01
4.712664138948161963e+01 4.161203031042094835e+01 4.536895172492764061e+01
4.606777610750523877e+01 4.285870974844885950e+01 4.821055681394541637e+01
4.740072320948873141e+01 4.247644711154532615e+01 4.699244607150561848e+01
4.486205192007724918e+01 4.544123631261383167e+01 4.896381455595307841e+01
4.598760613589038826e+01 4.635634152171977007e+01 4.136137466435066301e+01
4.737826409973220620e+01 4.789338056390577236e+01 4.639986753302859057e+01
4.223703342195084076e+01 4.621804784270969435e+01 4.759402222051093645e+01
4.852377063168705718e+01 4.634721053086786213e+01 4.363327131637333878e+01
4.327407450201889105e+01 4.770440551561694775e+01 4.735718659544954079e+01
4.114175187202380357e+01 4.488382154117597622e+01 4.400147389674836518e+01
4.504714542625632134e+01 4.894632623272849514e+01 4.441263095284180906e+01
4.638769790793712389e+01 4.123612613409208905e+01 4.480373814347910866e+01
4.255083906882433098e+01 4.563006556079792375e+01 4.190807380491906997e+01
4.841278849128148920e+01 4.554734301665466489e+01 4.702893657740765576e+01
4.175114094081295946e+01 4.540281446784508290e+01 4.726658441570756963e+01
4.241993143453240123e+01 4.307795447461228378e+01 4.262362408854164642e+01
4.196419482625948660e+01 4.607183626310403923e+01 4.264394064162470954e+01
4.286051647858913327e+01 4.743444345168604315e+01 4.267431318879243918e+01
4.276616572809810179e+01 4.263764306146730121e+01 4.731892919794802310e+01
4.867476696992015661e+01 4.383731973521294378e+01 4.385887068251047083e+01
4.379166171756870085e+01 4.118582353639415317e+01 4.519253588736357585e+01
4.766107126375551672e+01 4.793889329121921605e+01 4.444657756724620867e+01
4.617397780931544560e+01 4.538890044988981742e+01 4.118483194498314504e+01
4.775342496915001789e+01 4.231939501691962846e+01 4.381802757236613388e+01
4.251024161384873423e+01 4.775574844043578082e+01 4.355493925201358252e+01
4.225393386004883212e+01 4.216028691343809953e+01 4.438163987839773483e+01
4.322129081513331528e+01 4.838452497110808537e+01 4.387500054346931222e+01
4.444611096452999277e+01 4.748394038719060006e+01 4.191847287165343516e+01
4.206407968988824564e+01 4.400544820801465562e+01 4.247819401575682718e+01
4.778974086608701555e+01 4.222539623182237278e+01 4.581006037383134100e+01
4.560395888983767065e+01 4.610091756727793921e+01 4.878941430185401629e+01
4.679822450894425856e+01 4.779982650391499988e+01 4.721055405281263972e+01
4.613184280085575040e+01 4.750238593228569073e+01 4.789684616862685829e+01
4.331074664363148941e+01 4.860425820660263696e+01 4.484716314046532659e+01
4.818491649196265314e+01 4.597030296428054186e+01 4.275816794488808625e+01
4.467226903053058606e+01 4.101170966712439281e+01 4.473620136722313134e+01
4.193135471799099889e+01 4.443929324926922675e+01 4.747951095312261316e+01
4.765755249728263720e+01 4.551161653635151794e+01 4.203496561353483685e+01
4.304501137512944808e+01 4.219126681521926514e+01 4.292098512642837704e+01
4.872305301098653274e+01 4.477464006248735018e+01 4.350612130220140727e+01
4.520461682682997662e+01 4.696050889900302394e+01 4.151737149758143630e+01
4.838437250854842375e+01 4.293874187749443649e+01 4.432219537296396084e+01
4.268155577892301267e+01 4.420923491896530777e+01 4.814595878536742646e+01
4.208925090344756370e+01 4.695807581589352253e+01 4.310623227853973560e+01
4.154917674119010940e+01 4.681110712201812163e+01 4.580642597318905729e+01
4.585110577246767605e+01 4.256512285465234413e+01 4.192191786495870076e+01
4.314619023437211354e+01 4.321568881626804171e+01 4.805214308984258054e+01
4.810597921384436404e+01 4.727667762285901887e+01 4.609469049801791840e+01
4.598645276144691252e+01 4.861411707731388532e+01 4.360904267044334404e+01
4.243651061719728546e+01 4.724934833708354631e+01 4.705100786473681751e+01
4.635356905181504317e+01 4.663386445386934298e+01 4.838412263163615279e+01
4.863627427946525472e+01 4.656480520058433115e+01 4.563029920588076038e+01
4.340499904543809606e+01 4.517200823672348520e+01 4.238464070964001706e+01
4.576217940321113531e+01 4.449966171845996143e+01 4.211524478761280932e+01
4.487153392809818087e+01 4.497576201363149551e+01 4.286301682481361297e+01
4.340123011058288682e+01 4.608230356097094926e+01 4.280697867493302056e+01
4.413461146205475671e+01 4.457984454769177773e+01 4.204188986494284563e+01
4.503539668907262694e+01 4.623658117945918633e+01 4.219281412996532765e+01
4.594203913927496075e+01 4.658747202204955329e+01 4.252325536445757592e+01
4.584671739146678959e+01 4.565797639954626419e+01 4.209318483121792553e+01
4.666426582164207559e+01 4.406308009119287306e+01 4.217375916888593679e+01
4.492343796196318095e+01 4.395902912478431546e+01 4.204679409717508065e+01
4.578839443030048528e+01 4.344628457670313537e+01 4.242238895740356952e+01
4.316685521655692526e+01 4.281689393140050726e+01 4.371815768258959167e+01
4.318719367617634930e+01 4.513040205083882483e+01 4.388844571400377248e+01
4.244386655564350974e+01 4.444452202513486583e+01 4.350484318750452672e+01
4.301396968865085313e+01 4.429338566714115899e+01 4.268058215285271473e+01
4.410988523557926300e+01 4.585335399710214688e+01 4.213912963307022608e+01
4.617334568590491273e+01 4.506746461395728431e+01 4.283124379419531635e+01
4.267441571940551626e+01 4.533093557525848638e+01 4.305087323147478884e+01
4.488339379987409217e+01 4.525657564510083830e+01 4.190281822273864520e+01
4.520574734458364219e+01 4.403671499134755152e+01 4.300364811160191891e+01
4.777822687896346565e+01 4.623717382137057541e+01 4.429164044539762557e+01
4.350259908704659750e+01 4.696683694876502813e+01 4.329494971271909520e+01
4.436524617558840333e+01 4.580932899420022153e+01 4.314179351376999705e+01
4.595152962757760662e+01 4.643661126996526889e+01 4.359942986356405470e+01
4.652131360634887614e+01 4.560162076646311391e+01 4.360236413882826412e+01
4.734380332743484132e+01 4.613986828990432087e+01 4.330741205306368613e+01
4.444106749927586719e+01 4.354279430210812052e+01 4.369083498017685230e+01
4.379225604745401768e+01 4.302472432412671566e+01 4.296573784198930923e+01
4.338060384386532320e+01 4.382323205596484428e+01 4.348514483381997309e+01
4.248807516765389636e+01 4.351683355076102799e+01 4.396289589779454587e+01
4.350496737555943128e+01 4.330673440247873884e+01 4.539751831553647321e+01
4.414658322185525208e+01 4.396019759223564449e+01 4.283000727796312646e+01
4.536814362215889673e+01 4.306316929290281337e+01 4.327939618835448243e+01
4.218179244906969672e+01 4.533584553274296525e+01 4.393570283832561785e+01
4.419244911410967092e+01 4.675902621138116189e+01 4.260105113223800544e+01
4.544399367213345187e+01 4.580303284403599662e+01 4.300760453048810206e+01
4.496585797014747499e+01 4.464279732105502774e+01 4.384706364331633921e+01
4.257942309387602364e+01 4.619936445945975834e+01 4.353808986709026385e+01
4.391998259936344340e+01 4.487175025908057791e+01 4.319160584000785263e+01
4.398268626772661349e+01 4.436177766246890997e+01 4.408007722973646025e+01
4.667423405890367150e+01 4.591014051611917068e+01 4.259706354160651642e+01
4.465722878742084134e+01 4.799578060058493634e+01 4.410542981168458709e+01
4.629834428284936365e+01 4.779104574558871832e+01 4.524477330011077925e+01
4.678608194263685505e+01 4.745526955447824236e+01 4.436158009430205595e+01
4.463455312806416941e+01 4.609078174807828532e+01 4.455391642530707230e+01
4.381831223678653942e+01 4.232516070612192038e+01 4.429904640472042843e+01
4.366388467326899558e+01 4.344701939378339972e+01 4.438049106039505887e+01
4.287730939955856257e+01 4.288944910008616063e+01 4.467306285039676794e+01
4.616290953963137866e+01 4.248130093778576111e+01 4.346234184213015794e+01
4.747869702461628094e+01 4.366131640821864579e+01 4.387319695332342206e+01
4.339038686785725929e+01 4.390585019469035188e+01 4.624950085212785922e+01
4.533568907166468875e+01 4.452997524972532517e+01 4.506292111964355485e+01
4.431241733877199351e+01 4.291924145534460422e+01 4.494707286670830371e+01
4.446742923554735683e+01 4.238602991597753800e+01 4.346410876478084617e+01
4.505533037396246243e+01 4.292129298574820240e+01 4.422171902475817973e+01
4.723142878001760181e+01 4.539762168317130886e+01 4.428594029916349939e+01
4.332224057725250788e+01 4.488645271087032285e+01 4.644664784889888409e+01
4.301062070819219940e+01 4.426758724166340642e+01 4.437165439013990209e+01
4.527267103987183106e+01 4.277539188191779829e+01 4.521528900176809174e+01
4.515025176826971887e+01 4.474278863973307807e+01 4.604594109839535321e+01
4.774993972286504373e+01 4.624727988523510191e+01 4.529238756491727713e+01
4.671290867613276276e+01 4.328063518422192146e+01 4.296385625841073619e+01
4.201092803886491822e+01 4.447582214665671785e+01 4.442470222024602577e+01
4.189671423867064703e+01 4.534664481155946447e+01 4.491214326645199151e+01
4.628547527594185595e+01 4.446725071235468363e+01 4.475149845706904728e+01
4.683700451307702650e+01 4.698474762422779349e+01 4.347989012200249448e+01
4.284710282891905564e+01 4.698522630398279176e+01 4.413165325185773469e+01
4.319282660728178058e+01 4.748840733001124192e+01 4.498331083562000288e+01
4.349668003203808553e+01 4.501883206934658688e+01 4.484013818281760422e+01
4.420681382956237115e+01 4.534618381765406525e+01 4.403230084979576020e+01
4.353895614089930888e+01 4.606665368918625347e+01 4.381606838593944531e+01
4.351252252157306089e+01 4.671111805692579111e+01 4.554516799273454097e+01
4.596256814751464503e+01 4.735631388038480338e+01 4.316556132988186079e+01
4.577656224989302558e+01 4.730067601679175482e+01 4.414699022325910960e+01
4.442642377689116273e+01 4.312845284250995093e+01 4.592295547329847949e+01
4.343959005282771102e+01 4.230944284728298754e+01 4.526565975875788439e+01
4.438817164778012625e+01 4.198673931264222148e+01 4.531815617504602756e+01
4.566466364759709506e+01 4.193004244703757877e+01 4.484278295904226752e+01
4.703294350915989952e+01 4.273871575451548210e+01 4.437563164849938602e+01
4.469628104459569329e+01 4.311631918924521045e+01 4.253503681169374318e+01
4.475754353812177300e+01 4.197997466580693526e+01 4.438560174909804346e+01
4.486861127072945266e+01 4.214803157562046465e+01 4.627147604665621827e+01
4.478926345521093566e+01 4.380969509691925623e+01 4.460913004003817406e+01
4.619779195951970507e+01 4.412093339437403472e+01 4.316062369878029870e+01
4.435423591510499364e+01 4.262030697911846033e+01 4.700885742998421790e+01
4.602982076572286019e+01 4.277205229465935332e+01 4.442517796181237344e+01
4.498994671284950186e+01 4.574911326468513550e+01 4.598218277706948953e+01
4.629883195810123908e+01 4.551651947930066200e+01 4.464183879145175382e+01
4.726395057118376997e+01 4.417858311517433378e+01 4.297435352690046528e+01
4.239821381477949558e+01 4.385466479877727153e+01 4.610417270811040424e+01
4.399419904854848085e+01 4.586106148479434808e+01 4.529209463474823139e+01
4.449237152394632488e+01 4.505848455170981737e+01 4.494663510347147906e+01
4.536700534675352259e+01 4.554530186235237466e+01 4.502227822133149004e+01
4.726507928101087685e+01 4.518906118606742695e+01 4.300537960314652963e+01
4.595432487296760371e+01 4.481393647303167427e+01 4.386784903834859506e+01
4.714999466864009747e+01 4.431326087750440479e+01 4.524377284289967349e+01
4.299914232639358147e+01 4.422394526819918781e+01 4.538339531793587156e+01
4.416136873745089275e+01 4.513191370684377546e+01 4.595607503576957242e+01
4.396013754074725455e+01 4.414008774203725238e+01 4.506142549012945864e+01
4.507343535895152087e+01 4.683940119090728160e+01 4.625088230887306651e+01
4.637224187159563371e+01 4.681594364518632290e+01 4.501474196251353987e+01
4.273454165003064986e+01 4.519164966469183042e+01 4.546436619008225222e+01
4.213996780204533366e+01 4.596774489684631249e+01 4.568992424714099343e+01
4.435653551184927323e+01 4.663895189928576457e+01 4.374198670058988370e+01
4.628793950817280489e+01 4.706722615100851215e+01 4.597926772571630494e+01
4.220475440424128521e+01 4.619675269464030265e+01 4.446609013945658262e+01
4.314643575795733454e+01 4.596325203330354014e+01 4.475458282250451703e+01
4.513333111766597483e+01 4.676348152374732337e+01 4.311784553128745046e+01
4.374094434744226589e+01 4.754674245484526551e+01 4.407669369152483085e+01
4.486194821588455284e+01 4.800475061297581192e+01 4.558823119303757920e+01
4.543180518812755508e+01 4.802609672717053968e+01 4.475444733956743448e+01
4.316052640380415539e+01 4.294991115791710712e+01 4.644363770775791522e+01
4.388811562001776423e+01 4.231991073834170436e+01 4.616164809404772740e+01
4.577395900611646340e+01 4.216570452082181930e+01 4.584624347856773596e+01
4.652754653371719229e+01 4.243765655036511930e+01 4.524272733063263985e+01
4.257585044953241038e+01 4.299180650746893662e+01 4.562534680494473349e+01
4.650154215670051627e+01 4.362233771386728165e+01 4.408396836078801329e+01
4.228825210514010990e+01 4.366327480957544793e+01 4.494101787046361807e+01
4.445279134447491032e+01 4.360435276294829521e+01 4.684933586929560789e+01
4.531508157676840653e+01 4.559478281944840461e+01 4.399220252556101229e+01
4.552855281946061439e+01 4.380960833391313258e+01 4.392711608985806038e+01
4.794170335325529209e+01 4.457684060027259676e+01 4.410794148430662887e+01
4.772599276800541901e+01 4.351681626049737872e+01 4.484279670090735692e+01
4.276434293984711843e+01 4.422393569502494159e+01 4.696186327232573632e+01
4.424988517003875899e+01 4.461964649322420229e+01 4.690717686142908605e+01
4.523003558501198285e+01 4.524067699469536308e+01 4.719992890521623963e+01
4.814483576323715397e+01 4.439348840242271166e+01 4.514224910322857909e+01
4.200150472386371803e+01 4.449771157017118384e+01 4.543558140331532513e+01
4.329490139007580041e+01 4.585958165729490332e+01 4.609369778740291679e+01
4.433237921014632832e+01 4.413998168852062065e+01 4.600507732419040963e+01
4.574888630189204974e+01 4.628440108181683144e+01 4.559331880991349095e+01
4.707913866081556620e+01 4.532526113605555196e+01 4.527649458905898427e+01
4.800876536585985122e+01 4.546276210402138673e+01 4.363412870048652792e+01
4.256473795738389754e+01 4.674684363343043714e+01 4.522287733665966414e+01
4.317253814476295304e+01 4.633662288053273670e+01 4.702921747422089993e+01
4.454993302124860577e+01 4.767591094266742147e+01 4.648083837970085597e+01
4.598485239760137944e+01 4.534353566014264203e+01 4.586857758196723012e+01
4.269543510327775238e+01 4.669848143710354549e+01 4.622395314184880988e+01
4.376236264337538984e+01 4.763031831909974301e+01 4.585813672114412043e+01
4.419922142885504002e+01 4.635771120795074296e+01 4.618110157653352132e+01
4.448008955859418734e+01 4.697980334106210165e+01 4.544043975519475964e+01
4.383382641596398344e+01 4.668983758886546553e+01 4.459667976091868979e+01
4.409176856137168699e+01 4.794868761792657352e+01 4.494450100564490214e+01
4.434561031209996429e+01 4.751586612670899967e+01 4.325808529911856937e+01
4.602265775846898066e+01 4.313330472652071279e+01 4.579233604961201820e+01
4.350340364188800635e+01 4.354602935059813973e+01 4.717589315865368604e+01
4.617619668867252614e+01 4.263737577434675075e+01 4.665608580915456116e+01
4.699583639836760796e+01 4.277094267955891382e+01 4.608407996392182326e+01
4.575537811536479182e+01 4.362587060066075395e+01 4.488663246980568289e+01
4.526839611570866850e+01 4.308881019695656533e+01 4.646484056308705846e+01
4.780058898631145325e+01 4.368593826862439045e+01 4.583172909461990940e+01
4.672875986028588358e+01 4.340421845675339796e+01 4.507147995690040432e+01
4.747225284411868529e+01 4.415640563686390152e+01 4.666866554320309035e+01
4.348846948821797298e+01 4.450402483927931740e+01 4.760972731626326748e+01
4.395482041027283060e+01 4.559711815832293524e+01 4.682897766946764762e+01
4.607329586641109387e+01 4.479059144255407432e+01 4.671903625061908372e+01
4.559129712913633625e+01 4.639256994419311297e+01 4.453430545980805277e+01
4.678179077898271743e+01 4.632956073028105237e+01 4.423968878874005384e+01
4.231898922168686994e+01 4.485084803301514000e+01 4.631603431518787062e+01
4.242654985814809976e+01 4.579581138359592529e+01 4.663811232216328051e+01
4.692844809900900316e+01 4.455425322638549801e+01 4.383933416942238637e+01
4.687941183870498207e+01 4.477534305084356703e+01 4.609959534048889651e+01
4.747717696525393904e+01 4.517599527422478189e+01 4.687992016028642439e+01
4.306433490934700359e+01 4.535780624706033848e+01 4.729201229158030628e+01
4.547861856982292750e+01 4.722871519179248168e+01 4.535622635408330439e+01
4.470142118533151177e+01 4.709702784745089588e+01 4.728744397596930327e+01
4.674945323359628446e+01 4.617711570703332313e+01 4.572151678127911367e+01
4.376368079144933176e+01 4.709488329904296933e+01 4.673279709612189237e+01
4.485579754665572949e+01 4.709163580495162904e+01 4.451197873786499315e+01
4.421573152853331834e+01 4.384648443976372789e+01 4.781040530249489962e+01
4.478066041424641952e+01 4.484413037836923621e+01 4.810313849642682982e+01
4.615132080208472587e+01 4.364348169349229067e+01 4.758130479528222168e+01
4.598833913342157587e+01 4.377250495027849553e+01 4.658593849840583800e+01
4.405509224283485992e+01 4.636549063721541586e+01 4.750653354276674634e+01
4.518391255596349509e+01 4.298931866025135662e+01 4.745657006020957880e+01
4.519522903771828481e+01 4.427560853508814631e+01 4.693568670116797392e+01
4.678308779026765052e+01 4.438755670700338385e+01 4.736252488306755737e+01
4.789314416286860876e+01 4.504056348972427770e+01 4.592559536239813411e+01
4.681953794083776899e+01 4.376088422011747525e+01 4.602239511213981871e+01
4.663966916701460974e+01 4.566099487187606343e+01 4.657793414554288347e+01
4.604628190915080665e+01 4.433253340474773552e+01 4.574249338474680115e+01
4.482755803394661598e+01 4.584047817626967003e+01 4.790075051308087950e+01
4.676351284261889418e+01 4.535970050839019763e+01 4.759855121521517418e+01
4.805801141429255807e+01 4.534860714201079901e+01 4.485027665813860409e+01
4.558133998459801006e+01 4.771892174235685502e+01 4.626873443088498306e+01
4.603390703190091671e+01 4.713615495181064574e+01 4.694618064746020991e+01
4.759244243942743680e+01 4.594409318316390767e+01 4.623407507787962345e+01
4.721113895266882565e+01 4.705446727046479083e+01 4.555272251794534810e+01
4.694850659518915137e+01 4.664091992500530637e+01 4.660509592757922803e+01
4.482620475021355588e+01 4.611295567192766498e+01 4.692172085816689275e+01
4.521732983281914642e+01 4.391751494252567767e+01 4.788753681422212338e+01
4.685600070036767306e+01 4.332175265375278173e+01 4.694362984152879648e+01
4.393451777888844134e+01 4.537541150670165280e+01 4.781568310183726567e+01
4.593760743874185692e+01 4.465561639518220716e+01 4.783441566699359981e+01
4.582257635733921575e+01 4.565339270161389607e+01 4.789272835654752214e+01
4.580769857692305180e+01 4.622468074669241389e+01 4.659296470462394524e+01
4.644579611052234469e+01 4.628762281271652768e+01 4.739431618222414500e+01
4.521573982992419616e+01 4.376208648830940717e+01 4.572363780656031906e+01
4.548662279810648812e+01 4.653308319528085235e+01 4.754458787870471781e+01
