4.572648084552966452e+01 4.410471953353284391e+01 4.542332132673740830e+01
4.721138027245203261e+01 4.460304632308458395e+01 4.586249291864467637e+01
4.769373814790687049e+01 4.410621354120003446e+01 4.521290280396122796e+01
4.290092998265986068e+01 4.575095332344596954e+01 4.559710949164166038e+01
3.915360443695448112e+01 4.528000363559324626e+01 4.453113257245412626e+01
4.686518531905592511e+01 4.567727286297106559e+01 4.430934673366402876e+01
4.040526214257799609e+01 4.515159316897841535e+01 4.573992725512309221e+01
4.920584369911730960e+01 4.560582733690748114e+01 4.553477367769792750e+01
4.828093306797654805e+01 4.579639366875521489e+01 4.540120398755671260e+01
4.629007933125227225e+01 4.470433400260171197e+01 4.593845004624085959e+01
4.127684717477427512e+01 4.553351806625394715e+01 4.566255327264904906e+01
4.380888372403576625e+01 4.432789269635550511e+01 4.571646115392877618e+01
4.342113930941381739e+01 4.434998212644745763e+01 4.428346657669068520e+01
4.867235066638744456e+01 4.417142767500610034e+01 4.517901854556104979e+01
5.000318479589176945e+01 4.508435030539899202e+01 4.570076018475630519e+01
5.199781032621902455e+01 4.507934608025001921e+01 4.504312037370011979e+01
4.670135714184125675e+01 4.407970696264320054e+01 4.529225195949356930e+01
4.156716558895629987e+01 4.460550044040418527e+01 4.423062557726129285e+01
5.126000397705868750e+01 4.467468648640288365e+01 4.469262693750459903e+01
3.970529027816768064e+01 4.561123652125706940e+01 4.524131946501260870e+01
4.816232158713413014e+01 4.469172666114732806e+01 4.583905199541392506e+01
4.850669210476605997e+01 4.513342234360864325e+01 4.414453983414389882e+01
5.103742567786429163e+01 4.536758291021812539e+01 4.536448428658049181e+01
5.064331159109637781e+01 4.451724370975453837e+01 4.534315534299801698e+01
4.662069195439470093e+01 4.557553444778085350e+01 4.579228046581224021e+01
3.881606572106149144e+01 4.455045300585815937e+01 4.492395465856829162e+01
4.475827815431335921e+01 4.417153301389022602e+01 4.555185099931472337e+01
4.213904909815580879e+01 4.523601141288463623e+01 4.588426925333337181e+01
4.813004818057211764e+01 4.433532066184159248e+01 4.440855790518835988e+01
3.955229031524113736e+01 4.469851486708508048e+01 4.554530011813861279e+01
4.650767107171860459e+01 4.482074988900731682e+01 4.404301933310416928e+01
4.957601722062437943e+01 4.526624314984447039e+01 4.428888094441870749e+01
4.471253025709539486e+01 4.578477994715477450e+01 4.562853387323481513e+01
4.492637946695599283e+01 4.537394486057897325e+01 4.407263006599958999e+01
4.624992359683042764e+01 4.599076096450914974e+01 4.500297233727866342e+01
4.062842509113751532e+01 4.451320642271677741e+01 4.440007414316285406e+01
4.042505611516200759e+01 4.431470801672358562e+01 4.530319905680227066e+01
4.382015399232716391e+01 4.594078033884495937e+01 4.531420688692283250e+01
4.200464727244256835e+01 4.540222799783548169e+01 4.419169932661849032e+01
4.908916332204478294e+01 4.475808145129769855e+01 4.577763986805982199e+01
4.007741855889929639e+01 4.533090428140061334e+01 4.437352659339948957e+01
4.125092376466707833e+01 4.462998917521009901e+01 4.575623290316782743e+01
4.242513849179087515e+01 4.424812089516470337e+01 4.446622602177937722e+01
4.566342107239911741e+01 4.568011645046807701e+01 4.573564091914401786e+01
3.802584916581051289e+01 4.502758174042553208e+01 4.497899431162143458e+01
4.586223790755775553e+01 4.557611162532060689e+01 4.418953943649631810e+01
4.362054906791347264e+01 4.526575119781324474e+01 4.594723348851744049e+01
4.448406653827132118e+01 4.451579260445568309e+01 4.413441680938167622e+01
4.061020871614117311e+01 4.578196736185819304e+01 4.503400202135317443e+01
4.288359980252995740e+01 4.507298572447666629e+01 4.405263820230948113e+01
4.889806342756993729e+01 4.577915458252917347e+01 4.469252120028433239e+01
4.528580225950554450e+01 4.599634532802107856e+01 4.486715985635255777e+01
4.411713867259433641e+01 4.402459944276917270e+01 4.486239660292459064e+01
4.756242696894024391e+01 4.543519000255952278e+01 4.582972831965980731e+01
4.101987981148018036e+01 4.537386139080693681e+01 4.426903651508942517e+01
3.970790213452571038e+01 4.447388157911132112e+01 4.462806594204216992e+01
4.434807917917146369e+01 4.589869721430686411e+01 4.456171151472165093e+01
4.307012130942936778e+01 4.405835035309053183e+01 4.515640271478005729e+01
4.611861926914488663e+01 4.412477051097373248e+01 4.455699932769860538e+01
4.250967370821769009e+01 4.591372411069126258e+01 4.478416659522150667e+01
4.722915247448594300e+01 4.594601706439149780e+01 4.513463114031435452e+01
5.066827826868602358e+01 4.534707132296745158e+01 4.451946654315854346e+01
4.336609910518878053e+01 4.582784215207757939e+01 4.448380852875546054e+01
3.883017529260648359e+01 4.529530917915096211e+01 4.536846145563379196e+01
4.387563678835545034e+01 4.518952221779508704e+01 4.403316002647160587e+01
4.134805152749100898e+01 4.415540512583409338e+01 4.497941276590812265e+01
5.018483823507031616e+01 4.455760176801109651e+01 4.449770266572151911e+01
4.157391966239413250e+01 4.586619907982016286e+01 4.486899468508676136e+01
4.510006527198217441e+01 4.405791054538988760e+01 4.468544043130879118e+01
4.967883887170764012e+01 4.429514035524647397e+01 4.523007326725955579e+01
4.537762371860709720e+01 4.480449344738673290e+01 4.598059649523072778e+01
4.214989492502958512e+01 4.424546927484841774e+01 4.550528537346819746e+01
4.998525804524672367e+01 4.571143359641276049e+01 4.501033808481834342e+01
4.553173490079386454e+01 4.465877885156481852e+01 4.406761971258863753e+01
4.915915166453631002e+01 4.445001043333169832e+01 4.441823768402086614e+01
4.290531040304703936e+01 4.468050107874141474e+01 4.589825663859313920e+01
4.447967501050426620e+01 4.493749363930706409e+01 4.599709486965848271e+01
4.713305866462522431e+01 4.422905663555899025e+01 4.445017767954165322e+01
4.751310055688968248e+01 4.502166237551546146e+01 4.406805295607172468e+01
4.791540476702490992e+01 4.577435545512355475e+01 4.451338414507074503e+01
3.896018039194623128e+01 4.664632502693174843e+01 4.475798218837662290e+01
4.016384598340558654e+01 4.527979435903813510e+01 4.502899733592039411e+01
4.085604190709812400e+01 4.523700172443970047e+01 4.481849662089280883e+01
4.209059263432904885e+01 4.474576680476361901e+01 4.512903356389372078e+01
4.402232421447445887e+01 4.502024221227300416e+01 4.497683104045805891e+01
4.237447393024547893e+01 4.501932782840301428e+01 4.422311429407676542e+01
4.592173043224882889e+01 4.498662492272347890e+01 4.470034922599982963e+01
4.671937630096715566e+01 4.279245586170657134e+01 4.450390681146937055e+01
4.733605848921639847e+01 4.320918753430543546e+01 4.612742621069541826e+01
4.859073886400945241e+01 4.442417417795738999e+01 4.286752637950478828e+01
4.950136888036812621e+01 4.697697797522164365e+01 4.515599685187552836e+01
4.774477689399228097e+01 4.480740328720550991e+01 4.482728593012542007e+01
4.924603874159834760e+01 4.498438875234828771e+01 4.491647234668081268e+01
4.045420493958784647e+01 4.640690460594859701e+01 4.347980768329745160e+01
4.003889463369277735e+01 4.305807726136914937e+01 4.451051341958240215e+01
4.169154027451640587e+01 4.527380153415244024e+01 4.491188778200037746e+01
4.286236059787954389e+01 4.401639903084418393e+01 4.317148831966613187e+01
4.434635199000693717e+01 4.278975597312409462e+01 4.533075239850570171e+01
4.620818143217117324e+01 4.450350991915863119e+01 4.517071573027673992e+01
4.724787334389858984e+01 4.519103266834392230e+01 4.498736804007983636e+01
4.798337332091885798e+01 4.525668390819664211e+01 4.541980056707726732e+01
4.802949897451311756e+01 4.576503258138158969e+01 4.687335019929294333e+01
4.968228568107540610e+01 4.661160331002608359e+01 4.402170591186788329e+01
4.087679273643006894e+01 4.317316757870159449e+01 4.589164660897088766e+01
4.190988619841593987e+01 4.649292924207220068e+01 4.582473480480541639e+01
4.251250403021244750e+01 4.292501476869973231e+01 4.594430240123005404e+01
4.352292596703244953e+01 4.302240101078940882e+01 4.433727256056406674e+01
4.491184855251484009e+01 4.498703364242579283e+01 4.494674273873883408e+01
4.554469689624510664e+01 4.503718324072529100e+01 4.556824384007639850e+01
4.694583213673184474e+01 4.443087131270813472e+01 4.505780912784701542e+01
4.905626729229923910e+01 4.614476782543859201e+01 4.694554288817622734e+01
4.832375420917287556e+01 4.607942742383887236e+01 4.780822252033581776e+01
4.647411306144809373e+01 4.517022661059095157e+01 4.494670583544721154e+01
4.441102784200616327e+01 4.583744912569044772e+01 4.701908055256056684e+01
4.319170160153854710e+01 4.511133705881492517e+01 4.520809690112233170e+01
4.702777080368819895e+01 4.703202820895110392e+01 4.589707402513283796e+01
