4.451654192472275895e+01 4.255650925692704334e+01 4.531861576727138186e+01
4.496627216495110702e+01 4.468949340911485990e+01 4.252138339345013662e+01
4.440504818735810488e+01 4.614482636039684849e+01 4.717000724950038659e+01
4.401442235219998622e+01 4.696380384632395533e+01 4.368440558199866075e+01
4.310685577587474882e+01 4.666461899248707823e+01 4.399877785317788437e+01
4.211946753354150985e+01 4.539501094339698284e+01 4.441852690809531623e+01
4.622264868057070686e+01 4.288220992192228209e+01 4.584385237522529621e+01
4.522207846886463045e+01 4.664629478842466881e+01 4.687671983910605888e+01
4.214112670256444915e+01 4.566146125493095553e+01 4.538412687688033031e+01
4.670087290434170768e+01 4.460868913098121880e+01 4.298102754211340937e+01
4.275446439575208046e+01 4.335253328135949857e+01 4.483860562847863207e+01
4.336050311365653442e+01 4.451139602040275633e+01 4.703713952650151953e+01
4.771714719591068388e+01 4.571560495100365529e+01 4.421971246160164526e+01
4.612930209710558671e+01 4.296274903395919864e+01 4.390712349112574486e+01
4.672854783622015873e+01 4.561841009839189098e+01 4.305363556580809359e+01
4.671160013629904739e+01 4.352909778446314704e+01 4.642920538194930202e+01
4.600918108926731520e+01 4.695063698312605993e+01 4.632421362909765605e+01
4.641514450118334167e+01 4.280424954219122924e+01 4.486044299345441289e+01
4.247693417701751173e+01 4.482446373271317697e+01 4.365915178262656582e+01
4.581709211982886387e+01 4.419643642577192111e+01 4.273571482542573108e+01
4.315305155033617268e+01 4.523631600397023078e+01 4.304433963909339411e+01
4.393021317903607326e+01 4.291566159579117823e+01 4.604925573998529842e+01
4.399809962790965301e+01 4.448947323467288584e+01 4.270133609963130539e+01
4.504417245704033235e+01 4.568455634984049141e+01 4.259627652495596806e+01
4.712992414704447697e+01 4.334984159445737362e+01 4.440054184965143236e+01
4.785963691104417705e+01 4.464105598129542329e+01 4.434215537333651014e+01
4.454171797612774242e+01 4.327243658921332781e+01 4.676445765817179279e+01
4.748029705580502480e+01 4.400917534132879894e+01 4.599373733350820714e+01
4.358213749217499355e+01 4.359483453330953751e+01 4.669613765716194109e+01
4.531115255580144918e+01 4.576289803265683531e+01 4.736904481947028955e+01
4.405939026652667678e+01 4.549181722095117664e+01 4.267788706534810217e+01
4.773849030764451840e+01 4.497527062367981188e+01 4.601948226044234502e+01
4.246188879941695404e+01 4.629822988537630124e+01 4.467785029656916151e+01
4.746875005726322883e+01 4.641941797096396272e+01 4.490968391829581208e+01
4.356217136145734514e+01 4.281083990467945455e+01 4.509626863089030735e+01
4.587722169426783836e+01 4.735723331252414425e+01 4.541875116597955753e+01
4.315523129694828697e+01 4.424478496362232249e+01 4.318091633575879484e+01
4.332305934987742546e+01 4.685776374269809708e+01 4.592986357994988111e+01
4.470248661648092536e+01 4.376323862909438844e+01 4.284488126993286983e+01
4.213141283151054495e+01 4.440530127859268816e+01 4.457386552415920278e+01
4.592351612201893829e+01 4.518514664230670519e+01 4.263012997945654092e+01
4.510481008135754166e+01 4.276154576339453683e+01 4.610400008491448887e+01
4.336586756683647081e+01 4.312107736483864073e+01 4.407686154055224392e+01
4.264793313937677510e+01 4.582026964678682646e+01 4.368031855006415753e+01
4.428875418035859468e+01 4.689763889532382279e+01 4.652207561066153119e+01
4.524871480714019611e+01 4.262988380599151128e+01 4.424488703486855457e+01
4.797439287046123013e+01 4.530462536683465657e+01 4.510270713650511709e+01
4.555607389940866625e+01 4.479485140787699038e+01 4.744902782472171054e+01
4.423369219821344700e+01 4.267167223955637212e+01 4.436427543520255767e+01
4.351323317804539670e+01 4.630411118855984398e+01 4.674100745015425673e+01
4.283923168802745352e+01 4.533897514512710814e+01 4.670409288408956172e+01
4.577754832002453611e+01 4.325264554662648209e+01 4.666370040606278735e+01
4.224894221926781768e+01 4.486245109471973080e+01 4.599100113151962432e+01
4.458634885684523397e+01 4.504618647089823469e+01 4.747733574063204287e+01
4.616621362105404813e+01 4.619924769950769416e+01 4.696960693008138321e+01
4.495734682309691266e+01 4.750275782249403278e+01 4.505351776927160756e+01
4.381769797957799994e+01 4.349732706185369580e+01 4.326571364734135727e+01
4.441842781095179760e+01 4.638541810330669080e+01 4.297496655509672792e+01
4.621318323350950408e+01 4.681319420179393376e+01 4.360469626352534078e+01
4.231008388544491083e+01 4.400074204370434927e+01 4.547520104544278752e+01
4.760715264006377367e+01 4.594829680366275682e+01 4.579670104793356700e+01
4.509236409549288993e+01 4.727665846332986632e+01 4.603913921799136233e+01
4.486624060655982760e+01 4.732252043938702002e+01 4.407399705918182065e+01
4.708013827302180943e+01 4.326221436182959224e+01 4.545883312532373566e+01
4.589125227593657996e+01 4.614832545703698941e+01 4.290709697669073819e+01
4.621508391814077754e+01 4.410333261147026462e+01 4.710194615322791378e+01
4.369898844482814582e+01 4.543731482565296176e+01 4.721248046335756499e+01
4.741975319148776435e+01 4.504535623317731563e+01 4.352569624560608474e+01
4.425609311541556679e+01 4.412346554521649011e+01 4.725808952897416759e+01
4.650155950933778115e+01 4.367304907318444407e+01 4.329516364814439555e+01
4.403242690644574964e+01 4.734052380626344814e+01 4.462714421956886213e+01
4.303586802491180663e+01 4.328973710683335696e+01 4.579978219750492485e+01
4.266435740361849582e+01 4.612198699902467069e+01 4.610365722563544466e+01
4.687909478692817089e+01 4.645390075742214719e+01 4.630181930655875533e+01
4.675884051293895993e+01 4.694673345266885178e+01 4.443348807378923482e+01
4.679803491479825794e+01 4.695648881986402046e+01 4.543464395102911624e+01
4.718507101059790187e+01 4.555496777472984604e+01 4.662203693844085706e+01
4.732080409219854999e+01 4.406600013879783262e+01 4.372609207080414251e+01
4.642576388194373749e+01 4.521570420356616182e+01 4.719021339821530603e+01
4.582258381823382365e+01 4.733283950002331153e+01 4.440730671278647890e+01
4.274777701431897015e+01 4.408206922754310142e+01 4.637341995016168994e+01
4.551214256065566133e+01 4.254917853205795097e+01 4.520892481768223092e+01
4.554560102937219312e+01 4.334545150613794817e+01 4.318675628311360981e+01
4.706152082105103318e+01 4.628867135209992512e+01 4.371946331372143391e+01
4.314958105173788283e+01 4.697152974871829656e+01 4.495126694572016390e+01
4.526003109240338063e+01 4.682065031078198558e+01 4.329829324376657951e+01
4.346248347779828691e+01 4.617503681506980229e+01 4.320179298211822072e+01
4.465672574064043943e+01 4.300864645850695922e+01 4.352184294417124022e+01
4.770169936995483084e+01 4.391910516066913317e+01 4.501852589750863842e+01
4.266752182425537399e+01 4.382817539315024646e+01 4.395520082433789355e+01
4.522844211577208284e+01 4.387624902387676684e+01 4.722462226666559104e+01
4.415516432531826752e+01 4.732086838845029320e+01 4.562258492517874231e+01
4.706206878185932396e+01 4.454654165128729915e+01 4.675773360974531556e+01
4.563122977714328243e+01 4.448393025850653260e+01 4.367801964407647830e+01
4.460660641447031338e+01 4.420453169057123688e+01 4.374498473027398404e+01
4.480444666370974716e+01 4.513937031031264979e+01 4.342572441180853815e+01
4.596680706525192761e+01 4.544469962921755268e+01 4.367918564633565381e+01
4.596245290514681159e+01 4.364968206247449700e+01 4.522492860025988648e+01
4.500683283968527348e+01 4.339620563181573232e+01 4.503917175626384051e+01
4.417960583588584456e+01 4.366456700048356510e+01 4.447254491666789988e+01
4.357371713003476543e+01 4.575988439535167629e+01 4.411598015259808392e+01
4.386451080955445292e+01 4.488648879555663740e+01 4.369655584434031681e+01
4.359017089660147803e+01 4.569941110965343256e+01 4.594702234288291720e+01
4.474631384135200562e+01 4.635379218694710346e+01 4.580397264520497913e+01
4.459043292181821982e+01 4.600648584035464950e+01 4.388748617307997080e+01
4.555855478778181578e+01 4.444648496503424440e+01 4.467526141937806017e+01
4.653532768420916454e+01 4.583739440178009517e+01 4.444940027581769471e+01
4.553999621328746628e+01 4.625280541593684802e+01 4.409247982913213093e+01
4.435604843284353649e+01 4.562412335842380173e+01 4.478292298295415463e+01
4.575927034814903749e+01 4.509593725494062255e+01 4.642781428044473557e+01
4.518335998149436250e+01 4.376867276487071479e+01 4.601687266373770768e+01
4.632478929659042421e+01 4.395331957921249000e+01 4.424518948234293703e+01
4.309451198191842991e+01 4.471099780481596753e+01 4.445028499496265795e+01
4.447583590790831920e+01 4.415211887874274765e+01 4.542278277499478634e+01
4.536731154003587108e+01 4.362095327762262542e+01 4.413140545547276616e+01
4.411315611131502123e+01 4.466194536682016292e+01 4.464090491544438777e+01
4.318052804912974096e+01 4.556711138818117490e+01 4.501553707817227235e+01
4.679831338470532387e+01 4.488367052136874236e+01 4.430293488021862203e+01
4.529889591117854764e+01 4.470857864627261335e+01 4.561902589741747960e+01
4.520231183248030504e+01 4.532297830717179465e+01 4.432815930761363177e+01
4.389197961322360442e+01 4.636905542548049652e+01 4.526240102602771742e+01
4.487147236882105261e+01 4.650888977257661594e+01 4.479283369671836113e+01
4.674260814860600277e+01 4.503170923660174196e+01 4.587625338142571962e+01
4.610989872764069730e+01 4.517809122254966070e+01 4.509161786419434748e+01
4.488838568774886539e+01 4.459622320297505382e+01 4.654875330726979854e+01
4.666018561915287677e+01 4.594905828213182986e+01 4.544213947907650919e+01
4.395389784284494539e+01 4.440819397838336613e+01 4.623867203011412386e+01
4.320423341383073534e+01 4.479251871583541345e+01 4.569245665262595679e+01
4.584849463987419682e+01 4.641639909635016181e+01 4.506831508046296619e+01
4.523419989116339934e+01 4.564907300454650851e+01 4.527595470211968376e+01
4.678527714180885511e+01 4.429803962381610916e+01 4.518211972279436139e+01
4.612532899290643940e+01 4.424506777308193506e+01 4.602793488874506522e+01
4.484299124805295378e+01 4.559606313813188194e+01 4.645659714149348929e+01
4.438361637305489893e+01 4.511780584062754684e+01 4.567359344815877620e+01
4.351118513610184380e+01 4.393341616574633690e+01 4.518838005480306208e+01
4.575296145026679540e+01 4.602334278827726166e+01 4.604525807884981958e+01
