4.530600942814284338e+01 4.305362758195747119e+01 4.655990536464047125e+01
4.636706510993219865e+01 4.624859028269887062e+01 4.301274032505081379e+01
4.374329963731376836e+01 4.563319439034522418e+01 4.271995239806403788e+01
4.654803926169036288e+01 4.506178977229122040e+01 4.731317678729642751e+01
4.864755614747009815e+01 4.590813409732356831e+01 4.551007805591005706e+01
4.279600341271274999e+01 4.452375049290476738e+01 4.703468950822629324e+01
4.577999601222369108e+01 4.377083925635460560e+01 4.288678895702808802e+01
4.120127947628338916e+01 4.423948173342620294e+01 4.490562723719804694e+01
4.742597216864361087e+01 4.333213943715841765e+01 4.392634205469354924e+01
4.763249212959988199e+01 4.506992256239087880e+01 4.312256470870559610e+01
4.626429188698568851e+01 4.682860530233639906e+01 4.652440516885400257e+01
4.738326780566180219e+01 4.701277631590275519e+01 4.492140006696770627e+01
4.716818639032011617e+01 4.307881369021215789e+01 4.585453337075625768e+01
4.695080293454856246e+01 4.702992066604822696e+01 4.582453238982526500e+01
4.262794339278735833e+01 4.342836754940869071e+01 4.625534881389495467e+01
4.624041191932194295e+01 4.295481381750131789e+01 4.621380088238542783e+01
4.202956769698931794e+01 4.420025711934852097e+01 4.647097549424493934e+01
4.400101334032204647e+01 4.268425936534356424e+01 4.431826478137483605e+01
4.321088923891979050e+01 4.664545074259699220e+01 4.652243262282712521e+01
4.448181168863719392e+01 4.670786992139019844e+01 4.680683754680846675e+01
4.219035521589501059e+01 4.431306369679036550e+01 4.337142236252313410e+01
4.879612412876728911e+01 4.495936664313718722e+01 4.580543435520986861e+01
4.457709866721718583e+01 4.742161489162191401e+01 4.443018981825602509e+01
4.803379231671920024e+01 4.345240046889416874e+01 4.551921147913873256e+01
4.731474301419183348e+01 4.601372309290529472e+01 4.323266360049075274e+01
4.809223873982830355e+01 4.585962605847238649e+01 4.634785622924954396e+01
4.887406596954710380e+01 4.469652439614893780e+01 4.444877378306978244e+01
4.367917336893439995e+01 4.651232389104215770e+01 4.319413244310106847e+01
4.659046592332632031e+01 4.435254687753844394e+01 4.280587179350021643e+01
4.475133640812454416e+01 4.519789228797067437e+01 4.251971607786131813e+01
4.739946430377464992e+01 4.300513930822967268e+01 4.487459047032513126e+01
4.818480711421712215e+01 4.356110152704481209e+01 4.453626714749914584e+01
4.394815662226830000e+01 4.716611431276949418e+01 4.607366104539583773e+01
4.827766717720911060e+01 4.422794797289699886e+01 4.379576460221740319e+01
4.649322505489232071e+01 4.269316599708241711e+01 4.522318281690567687e+01
4.256680222558151172e+01 4.346802494896731162e+01 4.375548571644941376e+01
4.547875513947326453e+01 4.748200262974739871e+01 4.485918805499927942e+01
4.634764898362284669e+01 4.696798299701829649e+01 4.370725468002645187e+01
4.102570317938923949e+01 4.519752850893286222e+01 4.515941956916813638e+01
4.660451994401243780e+01 4.284417197737640493e+01 4.424050817835963301e+01
4.131677345596705209e+01 4.453818466760728256e+01 4.585316395252824861e+01
4.738575947015169731e+01 4.549599518172544776e+01 4.695543709107801078e+01
4.552051963161251535e+01 4.259901082147118245e+01 4.560966259202851347e+01
4.872822377053819309e+01 4.412296900595539739e+01 4.525711531739663940e+01
4.472881577457719970e+01 4.587440451925796481e+01 4.734421506118141565e+01
4.729484071055262007e+01 4.676467570032531285e+01 4.395648949949553241e+01
4.726386860539477652e+01 4.639524501466904383e+01 4.653129493182407828e+01
4.696796740661351066e+01 4.360788053879825554e+01 4.667974440364264410e+01
4.458759026935014447e+01 4.270599817204846715e+01 4.595634991575931849e+01
4.144458989892190459e+01 4.552194927267447611e+01 4.602022196098086226e+01
4.571040416176080612e+01 4.257488088532286952e+01 4.461199855888609989e+01
4.475947500551565383e+01 4.743870914802907635e+01 4.555297766246683011e+01
4.304841336764124549e+01 4.708977154751087824e+01 4.564105313544753528e+01
4.201548486914418845e+01 4.616831798094582950e+01 4.382378360209264656e+01
4.297655436957494146e+01 4.712679620088286470e+01 4.464078882914431290e+01
4.459260862970023709e+01 4.615674051442040593e+01 4.280386328282038733e+01
4.582252171965780008e+01 4.300705076374894986e+01 4.359207911641470901e+01
4.383127547643447031e+01 4.263272595047085645e+01 4.530403809029506590e+01
4.209947346623346220e+01 4.530943725634622865e+01 4.331706243676566714e+01
4.744902530630680815e+01 4.409365907748941993e+01 4.324910540293754480e+01
4.177417182850578570e+01 4.367087056471832796e+01 4.563352580367529754e+01
4.215965858792182530e+01 4.662569098255590916e+01 4.568133963753254534e+01
4.476267737820185744e+01 4.250917987660655228e+01 4.495133780951132962e+01
4.527539996851085391e+01 4.710818454155995028e+01 4.634639535495361429e+01
4.550855940829714541e+01 4.642286964022382278e+01 4.704129281655232830e+01
4.600375081067961958e+01 4.732493119818336424e+01 4.569570831906243313e+01
4.207865158569248365e+01 4.667679080879942433e+01 4.468528912862313973e+01
4.130825602826531906e+01 4.566687457012726270e+01 4.432247887814504850e+01
4.645379736943777971e+01 4.731484721800346449e+01 4.470530113334133659e+01
4.559086647589060703e+01 4.573318790377742005e+01 4.264389509897354458e+01
4.785261001626169275e+01 4.660722966698295977e+01 4.572444308851865458e+01
4.377334492612560268e+01 4.607954982204050509e+01 4.712822918769104774e+01
4.353336337015798563e+01 4.300377184656612428e+01 4.619114878853334005e+01
4.539963508356711941e+01 4.722899700428622793e+01 4.389417219713305940e+01
4.350736458398891671e+01 4.316661008882893213e+01 4.359403052160369896e+01
4.481377321588925611e+01 4.488924628407873740e+01 4.750155242663365129e+01
4.172954655188534900e+01 4.385904297273171437e+01 4.414380600738411431e+01
4.294266134090563014e+01 4.552267723383670273e+01 4.708493618238162526e+01
4.601839170105527899e+01 4.362345015601661657e+01 4.699306492262341806e+01
4.145698024356127576e+01 4.478414689376093349e+01 4.387530398411959709e+01
4.543793178129442367e+01 4.660692831560461968e+01 4.310772484660601833e+01
4.216594891724298577e+01 4.325437596916323457e+01 4.481254511597754231e+01
4.236267126164007379e+01 4.611336881609359750e+01 4.652011419271084947e+01
4.493686012481373382e+01 4.330651595921644059e+01 4.317215916176070323e+01
4.730732969186813364e+01 4.449676253989370878e+01 4.698809679141574236e+01
4.431219439896480594e+01 4.327295910672435753e+01 4.675797487936608832e+01
4.404831282997477615e+01 4.371317646668549628e+01 4.295146885880292587e+01
4.672466109212372487e+01 4.534316947320998281e+01 4.277517845230605076e+01
4.650444622713803255e+01 4.603454588492554933e+01 4.708337468217681021e+01
4.373037722812100014e+01 4.713629033602745722e+01 4.397406287352789889e+01
4.665340291983858378e+01 4.348702738913156907e+01 4.330731408026160523e+01
4.335762940307792235e+01 4.370745782067278640e+01 4.687991868984161670e+01
4.813595691472738736e+01 4.488066885603112866e+01 4.655903897528872903e+01
4.392051918837513824e+01 4.465045456762028664e+01 4.262703974711740784e+01
4.565679571462618469e+01 4.550532462280969526e+01 4.742229690479872772e+01
4.286272457484434995e+01 4.592048409367630768e+01 4.310573260274331631e+01
4.308529780124909792e+01 4.397813065657859966e+01 4.306895021271820667e+01
4.303191117790494502e+01 4.290513177757732421e+01 4.443922817073669762e+01
4.455501000802109957e+01 4.693519263477091386e+01 4.344482697302909457e+01
4.570249526957890396e+01 4.474210586474180218e+01 4.255920808901446151e+01
4.842126536331321063e+01 4.521515804022791940e+01 4.372266406233971736e+01
4.488837439487095082e+01 4.416801672294361936e+01 4.265212203356139753e+01
4.143546612850134636e+01 4.611195063170059427e+01 4.521115872962138837e+01
4.877907357434629887e+01 4.568904407930564560e+01 4.453770033500478576e+01
4.413542693036173148e+01 4.417416868668388474e+01 4.730170783583020011e+01
4.786995992223910434e+01 4.393110442745559396e+01 4.638388234702195234e+01
4.208351565977510234e+01 4.517104610358457251e+01 4.670568047045192372e+01
4.297072321231645731e+01 4.495159831056848532e+01 4.285562166596608336e+01
4.807289422001676371e+01 4.614076303957547509e+01 4.387395133610012010e+01
4.822258647955462152e+01 4.647625769790451500e+01 4.480404424867100488e+01
4.505216161933837782e+01 4.378900221298026452e+01 4.719183662931013146e+01
4.383432432322030081e+01 4.739234079348592843e+01 4.510176740837924569e+01
4.288319358995912012e+01 4.292740007968180294e+01 4.542828643402945943e+01
4.572907362064658798e+01 4.449234376693763693e+01 4.741211595551997959e+01
4.286215481791988680e+01 4.669514919127797725e+01 4.374454510163670307e+01
4.494367457946886191e+01 4.272270525771311611e+01 4.398505403278613812e+01
4.380396662277657072e+01 4.511446173190562092e+01 4.738892018489090674e+01
4.510056824642344253e+01 4.405708515779583223e+01 4.553865211054867501e+01
4.286966968785120002e+01 4.580192940394709211e+01 4.421366679460432891e+01
4.437634424104679454e+01 4.354929177856561751e+01 4.396725785079040350e+01
4.602644959363480126e+01 4.371495910403225338e+01 4.430013970719326721e+01
4.688698347851786252e+01 4.527486038205030638e+01 4.377789413998092272e+01
4.616370444080928337e+01 4.451277959358654357e+01 4.370258235396873658e+01
4.668801391839395620e+01 4.602189301424225221e+01 4.443040833149839841e+01
4.610854506560068700e+01 4.542274582664594362e+01 4.542078622010492239e+01
4.356760936536073814e+01 4.414133644063183937e+01 4.393172941134133680e+01
4.378377637001199219e+01 4.507184947114645013e+01 4.427903807194063290e+01
4.319576620104002274e+01 4.442694929919809255e+01 4.481770879183502387e+01
4.286659841105915092e+01 4.486046373541282861e+01 4.387523191783721188e+01
4.221644414967031622e+01 4.424524840434501272e+01 4.493993656432111550e+01
4.522767086106996004e+01 4.407948647703277345e+01 4.381087945687290386e+01
4.708624147751465472e+01 4.435821562580673572e+01 4.414397016850812605e+01
4.438278331051983372e+01 4.454667029283169910e+01 4.351624521130773360e+01
4.740766095320619655e+01 4.592147702360294659e+01 4.513806683105060813e+01
4.481202572663765693e+01 4.511380014019979257e+01 4.430662419815390507e+01
4.579679281597633889e+01 4.583106957101890089e+01 4.372600625179915568e+01
4.780732752548375686e+01 4.518779147699050469e+01 4.451375606683472341e+01
4.679557526243680599e+01 4.379886953993177201e+01 4.494812692109550056e+01
4.486764474197862285e+01 4.621350551447562793e+01 4.409872003073616753e+01
4.448386593487938967e+01 4.424443878622994930e+01 4.468373720671444005e+01
4.666454315203725400e+01 4.549346378375676636e+01 4.625148509351137704e+01
4.259498199903248405e+01 4.465779155043757243e+01 4.578376470863887704e+01
4.431043751305808343e+01 4.554734314173524723e+01 4.355525332724110399e+01
4.437067498152213574e+01 4.554405221107397495e+01 4.510194173686767982e+01
4.683159973671278919e+01 4.482813006262201583e+01 4.506545195315610641e+01
4.305288060678508089e+01 4.553129754499360615e+01 4.608993569353838637e+01
4.532648932280469012e+01 4.574741992475496488e+01 4.488776989009802065e+01
4.582776164619484405e+01 4.654404954409977790e+01 4.448504574822345603e+01
4.376270050865346661e+01 4.622041045911986146e+01 4.571656924480639361e+01
4.524581513007797895e+01 4.505247449677852245e+01 4.340206521784405425e+01
4.534152868440419581e+01 4.663515203507961360e+01 4.538149697028705276e+01
4.373137500124693133e+01 4.356704405626954468e+01 4.473664815440934461e+01
4.422303954858271879e+01 4.357766064981158394e+01 4.561037672882955007e+01
4.772958440619425602e+01 4.432196455748820085e+01 4.505408557400683378e+01
4.641439984679740860e+01 4.443990909898904107e+01 4.653103765782852008e+01
4.547447324070593311e+01 4.448046427368807088e+01 4.470853057667746100e+01
4.508875398666763346e+01 4.343700254040793141e+01 4.467481551337677104e+01
4.589315237408452930e+01 4.349353349555131132e+01 4.527054925919961903e+01
4.612553690949270191e+01 4.519275798602568983e+01 4.444197440704634516e+01
4.606443319657246604e+01 4.442986815960796321e+01 4.559071067300585156e+01
4.511939529870013388e+01 4.532345796375039981e+01 4.659314510569020484e+01
4.383855656717129534e+01 4.611964576385744152e+01 4.426978370643433180e+01
4.443581209770304241e+01 4.656118982619253188e+01 4.495322852548197545e+01
4.294602075381287420e+01 4.624393646262781488e+01 4.511694557769683200e+01
4.473689650777788529e+01 4.611485218470511427e+01 4.600041684594092573e+01
4.632613960424007615e+01 4.641198391541363577e+01 4.534346904613000362e+01
4.442453017953091177e+01 4.424638201864749476e+01 4.633135759824386923e+01
4.349924651737048720e+01 4.464507536454328829e+01 4.632738999600511676e+01
4.541999968154723177e+01 4.435698668666218936e+01 4.644005678816687066e+01
4.512602765734870758e+01 4.505308480810822402e+01 4.562788368243935366e+01
4.708176051262775275e+01 4.420800978235582335e+01 4.582100497781111414e+01
4.227236114312208315e+01 4.558578950528757900e+01 4.545875153763365262e+01
4.751085565043378978e+01 4.516174103791619387e+01 4.579999520703095328e+01
4.328143460980225399e+01 4.391112364505262633e+01 4.567014163412829220e+01
4.214947294773985931e+01 4.516504315769854117e+01 4.453209651710967876e+01
4.339240861700486818e+01 4.534580062814131196e+01 4.516759774261853977e+01
4.576197144354777890e+01 4.602450556662795833e+01 4.615584350574845018e+01
4.409399906280796699e+01 4.545741345146901580e+01 4.639345211782577394e+01
4.405768086793296590e+01 4.465799009849453682e+01 4.549344174318875389e+01
