4.712163358577538474e+01 4.405994219711021742e+01 4.482053967297080987e+01
4.072156562184389372e+01 4.550652149910758482e+01 4.440047361093537859e+01
4.700344450229989235e+01 4.595074958091567652e+01 4.498920921168360110e+01
4.649538343119525052e+01 4.456268423968482750e+01 4.413033545351090936e+01
4.125800589884089220e+01 4.418653474080339549e+01 4.474936352704007447e+01
4.798790489801471892e+01 4.422077693465102755e+01 4.453950765947908508e+01
4.255755290479595487e+01 4.589944904825498639e+01 4.476167346830374072e+01
5.032334833960307208e+01 4.482256736065904335e+01 4.562907249948254673e+01
4.728857323044131533e+01 4.554131161932641447e+01 4.577520691778684636e+01
4.551923699937572110e+01 4.585767881690652104e+01 4.550378977028964300e+01
4.475447955823730695e+01 4.542705655646503971e+01 4.590694081548438987e+01
4.514122019341152736e+01 4.589837834337467370e+01 4.458098576476538710e+01
4.212088813603507731e+01 4.430138971663529901e+01 4.441126500636941898e+01
4.875323333892240640e+01 4.443618371966468317e+01 4.563760587043257999e+01
4.784652435622455613e+01 4.421347444036317142e+01 4.547910462572406232e+01
4.447389759697952627e+01 4.596954642837614813e+01 4.521222718024432652e+01
4.230253661864966830e+01 4.495958118439982343e+01 4.592971130616365372e+01
5.197459821371415956e+01 4.502784054782427603e+01 4.501459954650691486e+01
4.192834141695286121e+01 4.575434629905758044e+01 4.548736158040823341e+01
4.484197991529755711e+01 4.515450320449012622e+01 4.401953658244123346e+01
3.940783318879846320e+01 4.522219811138998580e+01 4.556698615299316657e+01
4.978986218460699575e+01 4.569490250859090708e+01 4.519574117819455239e+01
4.793815984929956642e+01 4.586692902597874166e+01 4.524849458077883924e+01
4.163321985606009434e+01 4.574613489650657527e+01 4.455321415540296925e+01
4.556844247395638803e+01 4.502537088147701638e+01 4.600226056134715691e+01
4.854008988371327860e+01 4.574875989376029395e+01 4.459282373847176473e+01
4.268564749526780133e+01 4.405582724415999962e+01 4.512112410470935231e+01
4.134190117676058662e+01 4.507101548046946249e+01 4.585723204305281797e+01
3.873138667221286369e+01 4.465866691933194943e+01 4.530835499339954708e+01
4.181103416681885676e+01 4.426376258676751263e+01 4.551864016362519294e+01
4.350725284351493372e+01 4.597076685996536582e+01 4.497439568820601608e+01
3.892055143333348610e+01 4.544288254925452719e+01 4.478469223335073934e+01
4.367446657291881706e+01 4.410214195242556912e+01 4.459339444246833750e+01
4.515378400162235550e+01 4.427244230721493068e+01 4.569859885549536216e+01
3.983918254109048007e+01 4.519763642270641668e+01 4.435881525757386612e+01
4.299414435981762495e+01 4.455107833465304168e+01 4.415558667787823310e+01
4.036757882240118533e+01 4.442472227374491922e+01 4.451401515342024595e+01
4.417616611758626277e+01 4.573291983255003856e+01 4.434275971250271198e+01
4.554330482451041462e+01 4.450220876103139744e+01 4.413914107745058857e+01
4.854080297879654893e+01 4.492008802522637012e+01 4.414860475302945986e+01
4.888105381259266835e+01 4.420757317172692069e+01 4.473919273927863571e+01
5.118028147713113185e+01 4.506614988681013756e+01 4.454815674986632246e+01
4.322211087792702244e+01 4.550478078113370373e+01 4.418428163959808330e+01
5.028346990169751507e+01 4.531680144824893119e+01 4.443946882151043098e+01
4.883039090935626092e+01 4.567238247733379808e+01 4.549271113883779094e+01
4.615035773565707444e+01 4.436528693822495484e+01 4.576603498966721872e+01
4.389771190108425003e+01 4.486687115715383811e+01 4.402648602506469899e+01
4.527411271051506247e+01 4.400833534163369620e+01 4.484079128670249759e+01
4.943145528688560830e+01 4.505342920099088388e+01 4.577562624616872711e+01
4.231265213654374691e+01 4.521103128026375373e+01 4.410762157375627623e+01
4.457976394861097447e+01 4.429063637566032696e+01 4.429742135572317352e+01
4.139433550016775598e+01 4.489087643475695444e+01 4.415355421512434475e+01
4.966192599478117131e+01 4.429539381940517728e+01 4.526106476328543238e+01
4.811159744859641307e+01 4.509506751630271992e+01 4.589481998197922508e+01
4.351738932095805978e+01 4.415461428161324875e+01 4.550875691079440344e+01
3.927602585670824453e+01 4.457086577234193925e+01 4.460942499453369692e+01
5.119844007809876985e+01 4.467542091207663901e+01 4.533693004921079250e+01
4.439074917678638599e+01 4.401745519532620676e+01 4.520633194889744289e+01
4.097909679508487102e+01 4.576476097786341768e+01 4.528714899313602871e+01
5.077185059981585624e+01 4.550794250490923076e+01 4.523134357148762774e+01
4.619381938191070702e+01 4.402091749624422334e+01 4.485239449801650835e+01
5.049279116975950643e+01 4.442962005020714855e+01 4.475848367074939915e+01
4.764279080122725674e+01 4.564266222269944251e+01 4.434757074102898855e+01
3.800188540401705950e+01 4.506220947543588551e+01 4.496337013047926234e+01
4.964385867132244812e+01 4.459821330403153183e+01 4.437423741878356509e+01
4.382227623302681252e+01 4.558893783935603494e+01 4.579264895628922716e+01
4.037148407510865411e+01 4.515078753878140816e+01 4.574257107474001316e+01
4.004219054509530906e+01 4.569939105492135667e+01 4.507366925902000787e+01
4.577098810910793958e+01 4.538274604135661860e+01 4.409210156190339092e+01
4.641075492242470091e+01 4.534969780284468044e+01 4.591812107034519386e+01
4.609374026702663230e+01 4.595325526180292997e+01 4.477443119565751317e+01
4.286741962063040035e+01 4.569727516641604836e+01 4.564967296544593012e+01
4.935757511475498660e+01 4.545196029882568212e+01 4.437491942613274887e+01
4.671635497922951430e+01 4.549433352864068780e+01 4.417704261613241101e+01
4.324906808482280951e+01 4.487837179383220132e+01 4.596842258025827732e+01
4.709846396291546711e+01 4.462685222253125517e+01 4.588597019622889661e+01
4.081291977329816234e+01 4.437084677765162155e+01 4.551418923933468363e+01
3.985482965922422238e+01 4.440392362564936235e+01 4.534747865302358605e+01
4.740813954885582149e+01 4.478729057997543350e+01 4.409144633053702478e+01
4.422471800754506432e+01 4.465406109974476578e+01 4.594070482789625487e+01
3.828172874175955798e+01 4.443939614392871817e+01 4.383123752905351012e+01
4.076373707712865979e+01 4.465781458774961976e+01 4.326018504669799114e+01
4.188027642966029163e+01 4.496295944514172049e+01 4.466894155690634705e+01
4.122360183338177819e+01 4.531513668862879740e+01 4.478567764834300391e+01
4.242008762583655113e+01 4.517418041484386038e+01 4.459844827776232989e+01
4.485223822752904965e+01 4.519715651825332969e+01 4.487283430685767627e+01
4.530246302559236682e+01 4.660017086105384720e+01 4.338829993400665330e+01
4.552244379561809495e+01 4.420616518658857075e+01 4.541388388522366171e+01
4.736647429175022950e+01 4.509271400198494462e+01 4.493109580148699678e+01
4.725281138078522503e+01 4.428790843069432270e+01 4.526457898230252397e+01
4.885108740569845054e+01 4.446070163140745279e+01 4.511021943939334733e+01
4.981367013621505890e+01 4.495689545607507398e+01 4.496866212805962704e+01
5.129182922740125150e+01 4.556721890274435083e+01 4.647909075670525425e+01
4.058065482678469493e+01 4.683052416780009963e+01 4.458542241158807684e+01
4.219185605744382173e+01 4.596245686838742017e+01 4.684317670324946192e+01
4.314542718912452557e+01 4.513003094526289516e+01 4.499208769475160352e+01
4.578124681724636247e+01 4.527730268448956963e+01 4.495183574464501675e+01
4.452355450490348687e+01 4.510784450894352204e+01 4.577781758815933699e+01
4.652236702510253963e+01 4.541499401111030210e+01 4.476249349596391625e+01
4.660528491596884493e+01 4.343151137813885754e+01 4.560937252477904735e+01
4.684636786515103779e+01 4.729691065609902267e+01 4.514878452342378523e+01
4.821815022838927689e+01 4.611852678671282746e+01 4.699976918706272500e+01
4.908130067078953829e+01 4.676354265787063724e+01 4.486370144546224736e+01
3.981765989555582053e+01 4.512410481454383415e+01 4.493759981540387827e+01
4.245394221620060193e+01 4.507592601211517547e+01 4.542430966271982840e+01
4.415157962015419457e+01 4.484687619139742765e+01 4.515190501848015714e+01
4.675311522610635961e+01 4.534583412118574586e+01 4.528786800776420307e+01
4.530269448911541019e+01 4.693626228206523621e+01 4.507575413050049207e+01
4.638803777314036836e+01 4.451192323234354831e+01 4.513385402944892633e+01
4.716977133322854598e+01 4.271294116892673287e+01 4.618289563944158971e+01
4.803956858421589970e+01 4.474136965016626988e+01 4.551474617340829099e+01
4.807746827205403406e+01 4.508735844908766666e+01 4.490075694255447303e+01
5.042827891399056739e+01 4.611173896093902869e+01 4.664397350238114370e+01
4.360073375808993745e+01 4.689932317759879510e+01 4.596833804642106003e+01
4.501208824057560065e+01 4.684152513422207420e+01 4.615018176303399855e+01
4.653493594671041933e+01 4.725625194817671115e+01 4.636320154287014361e+01
