4.726869285055526859e+01 4.506712804795622418e+01 4.304982915995374526e+01
4.739088128889441975e+01 4.502428027482841344e+01 4.681151316012957864e+01
4.447621031443327411e+01 4.777126356809318253e+01 4.597367456679548070e+01
4.753619403097708584e+01 4.412735103779857582e+01 4.365694818773359032e+01
4.641164551798137694e+01 4.233635536690354684e+01 4.509565743731302234e+01
4.575242483842577457e+01 4.220377262818036002e+01 4.585541562319993147e+01
4.321674274355608247e+01 4.282474714578688690e+01 4.609754767474694859e+01
4.305168042228876857e+01 4.541998491001488247e+01 4.276361747707713334e+01
4.612294398488040770e+01 4.607936630093469432e+01 4.755911517608072359e+01
4.517231311530414928e+01 4.704272426561747977e+01 4.283493452908788868e+01
4.410659804783097115e+01 4.770634266181252769e+01 4.412563263430232041e+01
4.231758950899904903e+01 4.423346253638838732e+01 4.387821789644958415e+01
4.718932345488668290e+01 4.295177029633234156e+01 4.528065651603729691e+01
4.438030944149109303e+01 4.392090941107460367e+01 4.226703072189863519e+01
4.477707025274683872e+01 4.734420571284535129e+01 4.683902647739381564e+01
4.659017132927490223e+01 4.738678383697868668e+01 4.419146960026208149e+01
4.352147499342591175e+01 4.369284149021608243e+01 4.273174322574540440e+01
4.538363708072547098e+01 4.272861372730206142e+01 4.306088514446669535e+01
4.381191466325161343e+01 4.705856817854743213e+01 4.681591599641497226e+01
4.492589972391779440e+01 4.797774979078336344e+01 4.492611181754178062e+01
4.487943159267848614e+01 4.581216438772025157e+01 4.212591795947477635e+01
4.569222348887987550e+01 4.781219718135739072e+01 4.430483468835811323e+01
4.545618565125881361e+01 4.784424442613907758e+01 4.576850392023604286e+01
4.661142236534042382e+01 4.267829136714361482e+01 4.605127158952836908e+01
4.241424063537900224e+01 4.515225231498519776e+01 4.348699466924395551e+01
4.322326241641751210e+01 4.697044155483127525e+01 4.362903652818017974e+01
4.390103282457256739e+01 4.568524024928637317e+01 4.230315853432345818e+01
4.354507781870684369e+01 4.622834292356147046e+01 4.731583399217858243e+01
4.250844245708663038e+01 4.488639355087326521e+01 4.668059689092287101e+01
4.450970002165450978e+01 4.241322939041643281e+01 4.353009925931760904e+01
4.772016329299986381e+01 4.378982156573093221e+01 4.540743025947494971e+01
4.370547304421741330e+01 4.227272720410515205e+01 4.491508449887605536e+01
4.605737411385896962e+01 4.414507316827702255e+01 4.232688313748032272e+01
4.445374065537953356e+01 4.662469613800426060e+01 4.745523902201760791e+01
4.702482723097953965e+01 4.593913073019972160e+01 4.699614639490944512e+01
4.225120323281640822e+01 4.618081840823782613e+01 4.516442447996472254e+01
4.292889924443625205e+01 4.670714757077876556e+01 4.632642669367488963e+01
4.778552002664271470e+01 4.506414363485063035e+01 4.390599555840155688e+01
4.649854888619777427e+01 4.503882707790732098e+01 4.241001767576450732e+01
4.608910496923166988e+01 4.664551993322392320e+01 4.276316772646210040e+01
4.267348268569679703e+01 4.612901303914192397e+01 4.349362796287738320e+01
4.683699336046076667e+01 4.674594222272239818e+01 4.342791379013982578e+01
4.690665658789500014e+01 4.411482013340381059e+01 4.286094173702510091e+01
4.544118399813223164e+01 4.678966137640914980e+01 4.735631707959889525e+01
4.656506095388199640e+01 4.732293704845680082e+01 4.602837057487427330e+01
4.447404278431783098e+01 4.489694207264138015e+01 4.205258636733042010e+01
4.481672152268232878e+01 4.486717488038443946e+01 4.799828478033886370e+01
4.733281647354552746e+01 4.672357803781539332e+01 4.430131787455138692e+01
4.239309628607121283e+01 4.358944095868365309e+01 4.554810648243787341e+01
4.781515006229737708e+01 4.586995289394042885e+01 4.449812352714072006e+01
4.218545452818031549e+01 4.573203901466884957e+01 4.427313022572181467e+01
4.497055306020122600e+01 4.763796612223269022e+01 4.361557411666167638e+01
4.540480132940599134e+01 4.220985549914615831e+01 4.392823599735385187e+01
4.341608915896860310e+01 4.635940636814203941e+01 4.286069371465325162e+01
4.351430938471317234e+01 4.741866455240499079e+01 4.593132423982982004e+01
4.648360782634139099e+01 4.677425152119081986e+01 4.689392196432240212e+01
4.705972748758088642e+01 4.715015942328786736e+01 4.517393871452205190e+01
4.318278705421744235e+01 4.273353333034127388e+01 4.418801001232668568e+01
4.209075744705266686e+01 4.424547161860307654e+01 4.485511943035058380e+01
4.501825437825359444e+01 4.390616806348030821e+01 4.780702174943635896e+01
4.744352652305695983e+01 4.594196639792723147e+01 4.356291484493281985e+01
4.447090393919243922e+01 4.305634567952074576e+01 4.276393541398185505e+01
4.490013071453667237e+01 4.231326008375557990e+01 4.637737959792025322e+01
4.623097177049510265e+01 4.770990069748717133e+01 4.514540780669346987e+01
4.592676084019549876e+01 4.736430598354860422e+01 4.344168080429500378e+01
4.613827474837157894e+01 4.430604488277631958e+01 4.769658727985114410e+01
4.666573710057517133e+01 4.513772358589685041e+01 4.749285898352084700e+01
4.792616720481299097e+01 4.443287118356835208e+01 4.466946569126920963e+01
4.417684488399771681e+01 4.347848851022136785e+01 4.747072723347851309e+01
4.575230714252828790e+01 4.520755079782437491e+01 4.789978317825220699e+01
4.365511863851538976e+01 4.289203692955447877e+01 4.331901867838446663e+01
4.324731035437427806e+01 4.737350611977843329e+01 4.454460743344739626e+01
4.624315947308585351e+01 4.264315985585069768e+01 4.359695922032189230e+01
4.223613463918196942e+01 4.561461658539819553e+01 4.599665114157495793e+01
4.690474750368287715e+01 4.276402526363612822e+01 4.433755743774362656e+01
4.280215213844510913e+01 4.699424297472056367e+01 4.536614724380606845e+01
4.416868602292632318e+01 4.561631640165254709e+01 4.781834392231242248e+01
4.286955532859954587e+01 4.348525171716870830e+01 4.350685594294331793e+01
4.695539512706311314e+01 4.418202923347195110e+01 4.713251901167670610e+01
4.547827887593774676e+01 4.202030064995354053e+01 4.490829841267424172e+01
4.529987207445391562e+01 4.349682867406144737e+01 4.241560647145180951e+01
4.214517042388321499e+01 4.452314868663552261e+01 4.582210161732008658e+01
4.721788305957291243e+01 4.657089040869774266e+01 4.624246192362052454e+01
4.329905170559554506e+01 4.526897411815767924e+01 4.746294350184432176e+01
4.290699238851716757e+01 4.283063064698362155e+01 4.514504057224159794e+01
4.581685473587500468e+01 4.267212326549113754e+01 4.673809540958585274e+01
4.333093120548178945e+01 4.338129225964169677e+01 4.692253108140522500e+01
4.260529510457932645e+01 4.391229206263801643e+01 4.647102191582523290e+01
4.696783955929031862e+01 4.332157938397799057e+01 4.346907063053167519e+01
4.618628489810148352e+01 4.328766990715769225e+01 4.283325632300483221e+01
4.797228050094270912e+01 4.524794282067036733e+01 4.526575331144287873e+01
4.276483331853378900e+01 4.584730383075095261e+01 4.681422478346343041e+01
4.768951594381965720e+01 4.568919790100863310e+01 4.611908062738528713e+01
4.410766622996216313e+01 4.723073655052394315e+01 4.323261506335740023e+01
4.406733583343503824e+01 4.272407622079158784e+01 4.675238503502691856e+01
4.735899893467860267e+01 4.370749464317168531e+01 4.634597099498914474e+01
4.547462552237850986e+01 4.491298496286061948e+01 4.204497057010792105e+01
4.258993063835450243e+01 4.664612582213806036e+01 4.434594923303392022e+01
4.395856553233653585e+01 4.441078446498005405e+01 4.776271136885971202e+01
4.200632935046935756e+01 4.521077285458427752e+01 4.510863729617574336e+01
4.396024504607754579e+01 4.779313358986089355e+01 4.511565921736948326e+01
4.755644154727412598e+01 4.351563501635855857e+01 4.445888358178301303e+01
4.495475485753605938e+01 4.291653548373194837e+01 4.718335402315280191e+01
4.779780037585866381e+01 4.459210144394366182e+01 4.600459981234997997e+01
4.764049877293749091e+01 4.635096085733218985e+01 4.535806613532253095e+01
4.457313887258220575e+01 4.205925900092503866e+01 4.446444197465497439e+01
4.282754190831568053e+01 4.436483391513161223e+01 4.302548786788193524e+01
4.587099888039558238e+01 4.580855255686662986e+01 4.225862758010507036e+01
4.579747027227440981e+01 4.340327816551496198e+01 4.742900291507866939e+01
4.310810917452329249e+01 4.431104634482093729e+01 4.723962063893657159e+01
4.662024281534718284e+01 4.327469608461383643e+01 4.686420404988963639e+01
4.356467948103208698e+01 4.464490704552527234e+01 4.239033697139035439e+01
4.404281316781590760e+01 4.226529807731620281e+01 4.585696006254975998e+01
4.511137619777174024e+01 4.597278924965503677e+01 4.783420156301299642e+01
4.434518652474466194e+01 4.655349058009359453e+01 4.253595202428888911e+01
4.249335508443732579e+01 4.342437057501156517e+01 4.444025270777564174e+01
4.575154848642972638e+01 4.739595287591229322e+01 4.661506024116839342e+01
4.678424066233213807e+01 4.592046397562867099e+01 4.278859478062122434e+01
4.552584874069616916e+01 4.446290922560919512e+01 4.311378060877328977e+01
4.596885487067120124e+01 4.678361131672604500e+01 4.477630447318220774e+01
4.497307232370538799e+01 4.307456480853831238e+01 4.429973236695597194e+01
4.554493531889510649e+01 4.530546088463236032e+01 4.365460973962637325e+01
4.472294940149154030e+01 4.593070844790457841e+01 4.408905477666665718e+01
4.391820481272393550e+01 4.483155457457797155e+01 4.473827472840726927e+01
4.450883717606843248e+01 4.496296133363839687e+01 4.392276307706649163e+01
4.579821625113847006e+01 4.407505125184315631e+01 4.399632264361027012e+01
4.651349393277727273e+01 4.559602435631901329e+01 4.369705929374772069e+01
4.363087865937501419e+01 4.491088343051060150e+01 4.340663215667833441e+01
4.516648369984275746e+01 4.426076882517905631e+01 4.589011040932502539e+01
4.414160151029494017e+01 4.581483006245530731e+01 4.328366610714278551e+01
4.664661139245554722e+01 4.604256986265020402e+01 4.458697287091101202e+01
4.447778805947466196e+01 4.632229210413075293e+01 4.497877040055242759e+01
4.702635144607466344e+01 4.555620694925369918e+01 4.538179893678950805e+01
4.550681783281243753e+01 4.521066341870385941e+01 4.595058618506173076e+01
4.306158963104309123e+01 4.480718013332586480e+01 4.422250311717081672e+01
4.586447529961913006e+01 4.525738819290503301e+01 4.690632971371282167e+01
4.330801895080398367e+01 4.389942205337386127e+01 4.479590099678618742e+01
4.333384788041243496e+01 4.518566399924300470e+01 4.619969787249891624e+01
4.367232018831736440e+01 4.398781822988593149e+01 4.386776086377987838e+01
4.301495794985616072e+01 4.468431846672856977e+01 4.534487540650052040e+01
4.454059920236183245e+01 4.279181057295637203e+01 4.516682348857396079e+01
4.692516415973233990e+01 4.508567492702354684e+01 4.448951191103000724e+01
4.509866688853227856e+01 4.360697528835435577e+01 4.344995363443519665e+01
4.439017555450156038e+01 4.427767609985925645e+01 4.320357514701204593e+01
4.540679820825397428e+01 4.483939885900842626e+01 4.453302757490612152e+01
4.512160510634946320e+01 4.610763402218079676e+01 4.318647908444189198e+01
4.659025035344533450e+01 4.459772436068675461e+01 4.367924749165985077e+01
4.612086884770158690e+01 4.521127529875213469e+01 4.513183823701733388e+01
4.471837214505807623e+01 4.534412663956269540e+01 4.505682380180684987e+01
4.593514190239503137e+01 4.641357986558393378e+01 4.375860709171499252e+01
4.636701628826047994e+01 4.352120219434609538e+01 4.529895070753364195e+01
4.563075746987504999e+01 4.582337212670130100e+01 4.450808548434338974e+01
4.349863156711599288e+01 4.417917448305640704e+01 4.605983857630320699e+01
4.670129446438480869e+01 4.405048221922026386e+01 4.450901252525710561e+01
4.380933198447945642e+01 4.564157795283308872e+01 4.543986511201629952e+01
4.399424561236941145e+01 4.325084608951848253e+01 4.446253247633865158e+01
4.380070978511532331e+01 4.338962635676928414e+01 4.550200830283218068e+01
4.659567481617749252e+01 4.518650674103442810e+01 4.622024015104377526e+01
4.349095109741915621e+01 4.588204696546360140e+01 4.404610716742317322e+01
4.484015650014420373e+01 4.517361797346214303e+01 4.295259655335486570e+01
4.511921378021676787e+01 4.704455085004438786e+01 4.523848710081531266e+01
4.537727353477844616e+01 4.390554586843553864e+01 4.489415048387785845e+01
4.705493775974970561e+01 4.455088754608551938e+01 4.533398195508044637e+01
4.408416800698008586e+01 4.670540430488769346e+01 4.411441700904665453e+01
4.505058072118512769e+01 4.583624379240616520e+01 4.683675734890713471e+01
4.461594211152484490e+01 4.329232003034350384e+01 4.609392789194294693e+01
4.443570683257666332e+01 4.411262335645487553e+01 4.521595237745525964e+01
4.435228585583360683e+01 4.484872174550601187e+01 4.590462532830424891e+01
4.497288903581630848e+01 4.480421354567279479e+01 4.700408442797034780e+01
4.650614584267120222e+01 4.639780862523227967e+01 4.553244312478242506e+01
4.298985211258639083e+01 4.557197966405713174e+01 4.486538670183968236e+01
4.377710853923347400e+01 4.607564084548231165e+01 4.634967085255465946e+01
4.551358194134607515e+01 4.299950906252185945e+01 4.529627981801941417e+01
4.461792088809203705e+01 4.401344322638711759e+01 4.423072717880871352e+01
4.614346219578576580e+01 4.440031130535727755e+01 4.572055459583820181e+01
4.348907274568846759e+01 4.644502741312880545e+01 4.488183311161169087e+01
4.511299491565456066e+01 4.686071328678889358e+01 4.425224147201276281e+01
4.417355477959348775e+01 4.423501188401426276e+01 4.679848296336140123e+01
4.511169306616886843e+01 4.383039522203238647e+01 4.680330635132850858e+01
4.599753163762847663e+01 4.318270081470579669e+01 4.441872772082058418e+01
4.410697576639672945e+01 4.528718804226507899e+01 4.686944745308787219e+01
4.577889032953849835e+01 4.348987416633826086e+01 4.614039853498665167e+01
4.599686050491586542e+01 4.428682711283850182e+01 4.670398406613722386e+01
4.554200127005348975e+01 4.612758126098216849e+01 4.545994381738416479e+01
4.601561002852174198e+01 4.607066477808608340e+01 4.634391877081291256e+01
4.428284970753229288e+01 4.678362667967635957e+01 4.584453422469235306e+01
4.466317256947266401e+01 4.585832014330701867e+01 4.591370517380295979e+01
4.519285435750131796e+01 4.664589228101326768e+01 4.625215334414995283e+01
