4.432823457990099314e+01 4.517218031902653053e+01 4.688994866905296988e+01
4.678576273896403848e+01 4.454223281463852402e+01 4.426144293383548245e+01
4.328770308016768809e+01 4.412680225075767737e+01 4.563080522526608718e+01
4.520627583559251406e+01 4.466973716659842353e+01 4.697273302464294886e+01
4.450384810434697158e+01 4.553149550354648056e+01 4.314746525712477876e+01
4.645344091708347634e+01 4.366735671886075920e+01 4.468095833729111632e+01
4.614668755728376226e+01 4.398057975961040711e+01 4.372860117486031584e+01
4.608835433167148921e+01 4.557683886924374406e+01 4.656912995114923604e+01
4.380843477211129766e+01 4.379483363781724847e+01 4.391378664922453368e+01
4.651921176734944652e+01 4.603713853784812216e+01 4.574251191156226071e+01
4.665487993250346221e+01 4.551142224712840800e+01 4.404454096094359272e+01
4.379262422463821736e+01 4.584131300757726990e+01 4.636825952941313744e+01
4.359256195014388879e+01 4.355587996653976290e+01 4.486191794526467902e+01
4.687775492453714321e+01 4.438501700853429099e+01 4.524868920022362317e+01
4.694816685339806384e+01 4.536412869590832031e+01 4.499793875212284888e+01
4.393291231954103182e+01 4.610981661876749627e+01 4.373454354014576495e+01
4.545852265416287707e+01 4.684687967570322797e+01 4.445690267691871611e+01
4.359125662047964056e+01 4.637176007530629107e+01 4.464488030526894136e+01
4.328499000750321102e+01 4.592415748963262700e+01 4.548744287455775748e+01
4.370203493267409556e+01 4.501230507266129877e+01 4.347575180770776626e+01
4.324625080741985528e+01 4.554456818160615938e+01 4.419514619296158742e+01
4.514401753453071819e+01 4.575801398892332372e+01 4.684745246306256661e+01
4.298697148079602925e+01 4.507504343044450934e+01 4.504459664772872429e+01
4.493100877055486819e+01 4.694370527772993995e+01 4.540716193016153568e+01
4.590644381444501931e+01 4.672647434539191380e+01 4.534904132805093013e+01
4.574223937208200397e+01 4.314390656419747927e+01 4.520791288657711959e+01
4.674036072130017772e+01 4.508657362412363767e+01 4.596239646195147088e+01
4.614340048762753810e+01 4.457396975990249643e+01 4.658771180442407456e+01
4.398602526771975363e+01 4.663733458356958295e+01 4.552984243247095719e+01
4.379606332387812984e+01 4.439298261917656419e+01 4.650600809992380391e+01
4.633329685490668481e+01 4.372053429800705260e+01 4.577433875185543855e+01
4.563637154961570985e+01 4.326761250866083230e+01 4.421740170848379137e+01
4.401117024486160290e+01 4.343908131552684893e+01 4.582548636955996813e+01
4.601315117326776516e+01 4.625934974584590975e+01 4.386282276313131945e+01
4.461061059892629999e+01 4.646029616698080389e+01 4.630678766914962807e+01
4.320184180419890652e+01 4.454510373820502878e+01 4.421707362745210901e+01
4.497159656083090340e+01 4.643018190618848706e+01 4.362838826899928790e+01
4.446936515582382299e+01 4.305177243574431145e+01 4.501717227054822956e+01
4.464521829765126881e+01 4.326210646731382781e+01 4.405143262100041568e+01
4.551879495872482551e+01 4.567448424108781779e+01 4.321058804944864562e+01
4.459737133183199376e+01 4.379570951886540797e+01 4.657131682756539703e+01
4.561342488593172106e+01 4.641644133052285071e+01 4.625646068505169239e+01
4.498601871291692333e+01 4.317838190913475671e+01 4.586964832510427925e+01
4.445590024997092371e+01 4.681578828357288558e+01 4.440517122888556401e+01
4.616417221107462865e+01 4.492470477155912079e+01 4.339606502765349205e+01
4.559531663761879372e+01 4.373994969471188199e+01 4.645188229220732978e+01
4.521335468611263764e+01 4.379489940400247860e+01 4.341851690295669641e+01
4.652165331410005678e+01 4.623274349194383603e+01 4.472942655712076032e+01
4.325416278225486622e+01 4.507102420355268890e+01 4.600910231666418326e+01
4.524189029636593773e+01 4.472464822385929040e+01 4.304377530922822359e+01
4.435887800860645314e+01 4.429073853394149296e+01 4.324162145404399382e+01
4.553506005466907425e+01 4.411958468747080531e+01 4.473995397761749615e+01
4.494434404061876620e+01 4.498832384514708593e+01 4.508659066129729354e+01
4.467490906680716023e+01 4.559886081546907377e+01 4.417627921778510824e+01
4.395932526316236277e+01 4.545199910958645972e+01 4.489746363563782694e+01
4.602691681420630232e+01 4.500949935033184346e+01 4.483515430406714586e+01
4.471209909365282442e+01 4.595066668499887896e+01 4.534348299879780342e+01
4.410403847674614752e+01 4.471215923748066956e+01 4.559192101795785845e+01
4.425719378946102722e+01 4.457691607919057475e+01 4.446318300614210273e+01
4.552177879700761309e+01 4.586575528706346461e+01 4.466266703493169388e+01
4.492067206442484917e+01 4.506548712721446748e+01 4.609014230188247296e+01
4.539279091742358219e+01 4.486449890846401445e+01 4.406477277875807630e+01
4.564235617597203287e+01 4.557159859259552803e+01 4.561118596429110994e+01
4.564201435426768683e+01 4.445783458909431118e+01 4.567817989960454383e+01
4.472834106510195085e+01 4.397489634486704091e+01 4.531732428728694373e+01
