4.785996077790026959e+01 4.225357252389001417e+01 4.416280550325703302e+01
4.681339119789733161e+01 4.303085039322577643e+01 4.240056921250368305e+01
4.343248903372072789e+01 4.616456218289784630e+01 4.188873890556394031e+01
4.872033696365866007e+01 4.274174874926086432e+01 4.439198422352819762e+01
4.251165914278246305e+01 4.255456759695088920e+01 4.320136928435807988e+01
4.975235535366137896e+01 4.588328001159101177e+01 4.436778730800614312e+01
4.845533577978788742e+01 4.395103863676102662e+01 4.730363614327430355e+01
4.862540967236659384e+01 4.712182797854194405e+01 4.385946396169696015e+01
4.721015946366635774e+01 4.530210613856966262e+01 4.812614412575366885e+01
4.376849231792645867e+01 4.836365767118704895e+01 4.543452955639598656e+01
4.900403154324918376e+01 4.293017350655922826e+01 4.533709231046246657e+01
4.238848586925782058e+01 4.240978229824408174e+01 4.648564306699115889e+01
4.299860464121925929e+01 4.525193041560667950e+01 4.180388828490180231e+01
4.569794932780655472e+01 4.183871744952439542e+01 4.357924273412241689e+01
4.329681960003965457e+01 4.805895624517673781e+01 4.379016777834128504e+01
4.431852336049907137e+01 4.204006195087444553e+01 4.680847930105730370e+01
4.625181607226926417e+01 4.506614421272114868e+01 4.838917902599378351e+01
4.844634438708455093e+01 4.656479897054720141e+01 4.300664191747374332e+01
4.891942727021593385e+01 4.568272953472425257e+01 4.293854365875144197e+01
4.131311724027459320e+01 4.736342219502473938e+01 4.498116879130709833e+01
4.566316058711544201e+01 4.296385480406122781e+01 4.781053650009015143e+01
4.171043875749724350e+01 4.315287192874551181e+01 4.312013310811633460e+01
4.360659907326132156e+01 4.445293882197891833e+01 4.168465269735057177e+01
4.934173730049280948e+01 4.618706401944881179e+01 4.626694181100728542e+01
4.008089160919082872e+01 4.445462392786932782e+01 4.468974446276371282e+01
4.787885936489461614e+01 4.772811753072637231e+01 4.414001025030529490e+01
4.927817904853581155e+01 4.675734666718607002e+01 4.456518318905571618e+01
4.082654449366592075e+01 4.367873235289856382e+01 4.640561690701500197e+01
4.399839386691766663e+01 4.696065792936989425e+01 4.218861511364664807e+01
4.398090238694342702e+01 4.168454524500799607e+01 4.413297786881565798e+01
4.829952724904983086e+01 4.285576506332435542e+01 4.347797451031392768e+01
4.472443468753229467e+01 4.849056448477847425e+01 4.515448704884020970e+01
4.152033505446392780e+01 4.374765606122932127e+01 4.718099810017587004e+01
4.481573772300890823e+01 4.296229619911100883e+01 4.215804628400502452e+01
4.118182593036030426e+01 4.646168147203826493e+01 4.327847165454410572e+01
4.310574474711430071e+01 4.328821515467934944e+01 4.775167249400924163e+01
4.753498131357248013e+01 4.366021621003895348e+01 4.770465026597700842e+01
4.045966235533661859e+01 4.524840955326727254e+01 4.644604970207217320e+01
4.998758361382661519e+01 4.520598062960186780e+01 4.513356054848185295e+01
4.403775872778500400e+01 4.703526989826684002e+01 4.776736910329418606e+01
4.092456131827533738e+01 4.687763183688650059e+01 4.576524954841742954e+01
4.399571654435342793e+01 4.838431457555599025e+01 4.445620656756179301e+01
4.649259135976176793e+01 4.830619635048444138e+01 4.547272684013725552e+01
4.172988299957212632e+01 4.724149410995814691e+01 4.359323420100362512e+01
4.621894498090240688e+01 4.239379285521108898e+01 4.717698244704847355e+01
4.154335874191662015e+01 4.581290570936335627e+01 4.260683219901081031e+01
4.402570250863207946e+01 4.354095709100275258e+01 4.810912303936028422e+01
4.808322275986100180e+01 4.556493665717304964e+01 4.769791737580015933e+01
4.327108917989058057e+01 4.419588093785165483e+01 4.818568674320265188e+01
4.620827556615084575e+01 4.808448559229914565e+01 4.642110161764021825e+01
4.060695463620153589e+01 4.334318263696503948e+01 4.477435403820211945e+01
4.260796238379246859e+01 4.746777813468316509e+01 4.317024388932716761e+01
4.582224154832309182e+01 4.295284546987905117e+01 4.222087826215944517e+01
4.866065267303135045e+01 4.689811935338816795e+01 4.644274274140529712e+01
4.703622988042729247e+01 4.787616898159728152e+01 4.360798822834043165e+01
4.431387130375138383e+01 4.781834091369077555e+01 4.701926123606610020e+01
4.631814138798331726e+01 4.375261956702954080e+01 4.186374699187261683e+01
4.132175764992233269e+01 4.263666686827269814e+01 4.480327479057345386e+01
4.592531663376751538e+01 4.753728993044217077e+01 4.732267297085982705e+01
4.334220997547667764e+01 4.355319942623994223e+01 4.203274279324361373e+01
4.978845485763091006e+01 4.465009009689384811e+01 4.594590587934030168e+01
4.349920443326607256e+01 4.209581719376809872e+01 4.335310536411422788e+01
4.969603232219402855e+01 4.615496035349018200e+01 4.532992419604721590e+01
4.155262825291778483e+01 4.296555829997069509e+01 4.651498792721366726e+01
4.426593204158825756e+01 4.813154915891772845e+01 4.352665823794662003e+01
4.043786542189582178e+01 4.606318514216743409e+01 4.404210625272062885e+01
4.195190201938579833e+01 4.561375481285088540e+01 4.770690658855725985e+01
4.628288291180602698e+01 4.234485225294271515e+01 4.290427085678520314e+01
4.253557453568423341e+01 4.486040609376962607e+01 4.804353759938879875e+01
4.236766717831166318e+01 4.783371664958629310e+01 4.409539440407336031e+01
4.807902943933346052e+01 4.661449622123742387e+01 4.723632522799996991e+01
4.216487864554873966e+01 4.788097136802360865e+01 4.508692772797864734e+01
4.429751258772900258e+01 4.373370338918468292e+01 4.177538991788952671e+01
4.449027158986262975e+01 4.829115613356015047e+01 4.613535704268667814e+01
4.906916854271520378e+01 4.348699231353060668e+01 4.364147601870938331e+01
4.940096988791457733e+01 4.525783095176440440e+01 4.664208164316499960e+01
4.508024354562476788e+01 4.156173160233177555e+01 4.434528165353395934e+01
4.544103050649319187e+01 4.152547947844374221e+01 4.529738293192176002e+01
4.152286932914503836e+01 4.687553417613823115e+01 4.667631510154703278e+01
4.597743801796730168e+01 4.826116345166199295e+01 4.393287062545341826e+01
4.975235845638840715e+01 4.441832394611643053e+01 4.408186367628155722e+01
4.475085710760393454e+01 4.645407219364965101e+01 4.817986219058334996e+01
4.265491562989102192e+01 4.428279372159171601e+01 4.199429607156471889e+01
4.048865370522919704e+01 4.391004453229500371e+01 4.395656418539866195e+01
4.836221888594510432e+01 4.263146428334177074e+01 4.605207765374021278e+01
4.530799559349682681e+01 4.373938480897101044e+01 4.174306954054804919e+01
4.353908395591369640e+01 4.805855052746782263e+01 4.635962205426039873e+01
4.735776770026613747e+01 4.197659882615278093e+01 4.562538691707723615e+01
4.549685418451040420e+01 4.578977539796546381e+01 4.839308876828873451e+01
4.261976427982223470e+01 4.791370629658878499e+01 4.599129114671229956e+01
4.206712203201377065e+01 4.507627724829014682e+01 4.216768931294770084e+01
4.677951841857646542e+01 4.463403337853475250e+01 4.175098050396118765e+01
4.858106776455500153e+01 4.743448818731914685e+01 4.481323651554077969e+01
4.081158211087547727e+01 4.619242939146349869e+01 4.649489774550836785e+01
4.247411642704604162e+01 4.602811006111469538e+01 4.216135499711570844e+01
4.109081231721565075e+01 4.311119720777665520e+01 4.390694476828423376e+01
4.166840397063805312e+01 4.465616664961875415e+01 4.758858415459600621e+01
4.722933583821001235e+01 4.795143409458690797e+01 4.604967875908700137e+01
4.802647770649340231e+01 4.308880284203422661e+01 4.702906786012377438e+01
4.879191289294408307e+01 4.592732947781954778e+01 4.708524730240630163e+01
4.735697719653330040e+01 4.624666525474262357e+01 4.782472430827152721e+01
4.694231357593120180e+01 4.433825243211833822e+01 4.815796112143230800e+01
4.024831406853532201e+01 4.586130783472788863e+01 4.566756235796513863e+01
4.667228727595836801e+01 4.646098856533472343e+01 4.204450768072634048e+01
4.775325211092201982e+01 4.318807643794828266e+01 4.270894725606228803e+01
4.397755430538717292e+01 4.537740541943983885e+01 4.159620552220768275e+01
4.571170118776534252e+01 4.632192439420755647e+01 4.179941818474803483e+01
4.562836458467716483e+01 4.180351620770315435e+01 4.635920011319764455e+01
4.624984717597549633e+01 4.548094600677988097e+01 4.164687127313173676e+01
4.172002952555462230e+01 4.748375018528176383e+01 4.589911964094935115e+01
4.874418838730389325e+01 4.491678193837702082e+01 4.731941303070802007e+01
4.707790454516957368e+01 4.183260899899202911e+01 4.467488476181591750e+01
4.644762512255769593e+01 4.602718065862391938e+01 4.818979734151717764e+01
4.500579913385912789e+01 4.369520438870137014e+01 4.824932510128509477e+01
4.337500935051815532e+01 4.749809107967682564e+01 4.717204770166556216e+01
4.371891794030970857e+01 4.171115349956374985e+01 4.579786941761376795e+01
4.522790386213717539e+01 4.225852285745445158e+01 4.717227380972602191e+01
4.526297874958523693e+01 4.482160314745568996e+01 4.849196281184521240e+01
4.687769130125959549e+01 4.757721485315905596e+01 4.697014208635812338e+01
4.106192340581206679e+01 4.391800990551750772e+01 4.313525602819375138e+01
4.470474142534229145e+01 4.186286969474350883e+01 4.346168139447566148e+01
4.572670989016694421e+01 4.463237151215204790e+01 4.155799214838890521e+01
4.376113871776179565e+01 4.261319838897618695e+01 4.741066618377058717e+01
4.780896973549301521e+01 4.738524187092576057e+01 4.664158476112554297e+01
4.661358977969219097e+01 4.197653816247766656e+01 4.635680234528342680e+01
4.097072974822289382e+01 4.303235986107709721e+01 4.565452859231197635e+01
4.759963375095023252e+01 4.651485691342057294e+01 4.242428732648774314e+01
4.730332980202236826e+01 4.386031363611712663e+01 4.211117410093079627e+01
4.333750822583886020e+01 4.212864420200283178e+01 4.663092050519715315e+01
4.451221816889149352e+01 4.621274945866274209e+01 4.173623309766841771e+01
4.922441609772132409e+01 4.439617060930255832e+01 4.322890768605071798e+01
4.524246375081004601e+01 4.804671018888917899e+01 4.328841521291768402e+01
4.811529746150227282e+01 4.565800422398143610e+01 4.234422410529980141e+01
4.424351828414049237e+01 4.238132648850604767e+01 4.273942300404192451e+01
4.858508782002387250e+01 4.480348550406534969e+01 4.256957912551116863e+01
4.232867321884805278e+01 4.392371543680897616e+01 4.775757639935233101e+01
4.788361015285143196e+01 4.459220753697398720e+01 4.783144727266041230e+01
4.186529458183279928e+01 4.247814782163085567e+01 4.396232753025543616e+01
4.771618876189261016e+01 4.477588720246396292e+01 4.207135269069547689e+01
4.751285202999104484e+01 4.238519880972995679e+01 4.652528845831871251e+01
4.308130977670460027e+01 4.672480960530707250e+01 4.773422553954011960e+01
4.986885892642545315e+01 4.420490947878673182e+01 4.505308769525619539e+01
4.909580180969444285e+01 4.693267084382494403e+01 4.554110282843208779e+01
4.619206250919675227e+01 4.779670185150557415e+01 4.307058744692992036e+01
4.275146108202601170e+01 4.194551637634516794e+01 4.567037657355351143e+01
4.454416866134097575e+01 4.762518235906163255e+01 4.270946467814141556e+01
4.301345166096713513e+01 4.690748473523864703e+01 4.241771096388949047e+01
4.097798080696500733e+01 4.689972165363933243e+01 4.415751052544737831e+01
4.286804150133963276e+01 4.580351905320665651e+01 4.806338702030382137e+01
4.005764992016258930e+01 4.546582548300980875e+01 4.474895610061456352e+01
4.429739863744472927e+01 4.445510518896328733e+01 4.842362487361597800e+01
4.499727492336637624e+01 4.730745875669853717e+01 4.763231747204849853e+01
4.739860420792405193e+01 4.245141329754201820e+01 4.328691509669467052e+01
4.526028955616256155e+01 4.802305918050129208e+01 4.675440573819983570e+01
4.226919393613052023e+01 4.308074447678954755e+01 4.721844296539153163e+01
4.502959461491776239e+01 4.698136312222182198e+01 4.211675625473631612e+01
4.948627003700134708e+01 4.368981272400623084e+01 4.582161652317810763e+01
4.356127601555982665e+01 4.760845749352057510e+01 4.289708184565634497e+01
4.305089884697879654e+01 4.821270459178231960e+01 4.475166936164504250e+01
4.112402374822254103e+01 4.550175709452461348e+01 4.715459072557324305e+01
4.076427193649924163e+01 4.554994856265208369e+01 4.322484942778353911e+01
4.277612327522419378e+01 4.201421829912641215e+01 4.404396682067748259e+01
4.471328751663628509e+01 4.164413164306810700e+01 4.597755225756094433e+01
4.048895495616305595e+01 4.650774173021015656e+01 4.494102879208041657e+01
4.214643056467429005e+01 4.658021952637232488e+01 4.740149651774336803e+01
4.667951050258023571e+01 4.194372976966286615e+01 4.376378382648429977e+01
4.358217197440521318e+01 4.515305322980664471e+01 4.835416114133543886e+01
4.453567809019733659e+01 4.550743716177085929e+01 4.844895662705290817e+01
4.761299469356518443e+01 4.798122889612281483e+01 4.511023325432599052e+01
4.029943969519295877e+01 4.488626466797536807e+01 4.381344333431901816e+01
4.571141479778282246e+01 4.670094490034530565e+01 4.801896398099779617e+01
4.497356877787335350e+01 4.840231429570107480e+01 4.418357015047665470e+01
4.942533954969377419e+01 4.342668144285701715e+01 4.457634075035056753e+01
4.827302807001229468e+01 4.753379185858651113e+01 4.576057327848297973e+01
4.379594134532693772e+01 4.615339822045030616e+01 4.819627242837964332e+01
4.217891896159764542e+01 4.211370934493166374e+01 4.484525636896960066e+01
4.203299395000169625e+01 4.672966940727306451e+01 4.277817917865026232e+01
4.720188534050165430e+01 4.562165588417730788e+01 4.192128096557378569e+01
4.436717783270604798e+01 4.152765597083008231e+01 4.504572258665163531e+01
4.240106557036040158e+01 4.736335250512588857e+01 4.683205395985623909e+01
4.466700256488111620e+01 4.285678307340666038e+01 4.775915131134468083e+01
4.248827108113954409e+01 4.329956834033434632e+01 4.249731325599788079e+01
4.569803964646856542e+01 4.846253782905125007e+01 4.487200709091202100e+01
4.594310529555981759e+01 4.410847154047276319e+01 4.832105761345725625e+01
4.330737011899461208e+01 4.273583265517795837e+01 4.260898072876038611e+01
4.544722181837661168e+01 4.838350009406210006e+01 4.583722418277861266e+01
4.642349839315262017e+01 4.167071583638791310e+01 4.542309028434377183e+01
4.694245926165057625e+01 4.724127074284774608e+01 4.268308698540896273e+01
4.528465163813840633e+01 4.230822533583885559e+01 4.277226731702093332e+01
4.920728763916089576e+01 4.632902816704488203e+01 4.365686067137062309e+01
4.090826250136454689e+01 4.451226610586265053e+01 4.695314151210887132e+01
4.679956637321456014e+01 4.822869135157710474e+01 4.451800323795872316e+01
4.122293681253911757e+01 4.481544535981649346e+01 4.271524477519507457e+01
4.466524727469088418e+01 4.463077529384160869e+01 4.152866784042345216e+01
4.710498934653550407e+01 4.283609358610181062e+01 4.732499020844514348e+01
4.656209640475218947e+01 4.342606481749851355e+01 4.793037272176326269e+01
4.924798786616494795e+01 4.427069227043077149e+01 4.669735640543818533e+01
4.176538571891440199e+01 4.242374660202533221e+01 4.570165739057836163e+01
4.330918575041292229e+01 4.170785490775352855e+01 4.487423033844484621e+01
4.663005256314048808e+01 4.692734721998847647e+01 4.769023993906417047e+01
4.599456235213522604e+01 4.714547311687586983e+01 4.232571937344035007e+01
4.884890457844332445e+01 4.336627491289817726e+01 4.652583336055928953e+01
4.851277705653762240e+01 4.383297882868551198e+01 4.280063561865735267e+01
4.007798855377812686e+01 4.486721851790510129e+01 4.560320602475297846e+01
4.816971134954237499e+01 4.229537899955397506e+01 4.512680288304858323e+01
4.955933191971791274e+01 4.527285313135424616e+01 4.359108900341577453e+01
4.606970107710571938e+01 4.161888480672678270e+01 4.448907126868228090e+01
4.181027963639877498e+01 4.403911994997531565e+01 4.248277918829360544e+01
4.779649620020126832e+01 4.729727979140634631e+01 4.323025249102485645e+01
4.032437818552364206e+01 4.389338983929353333e+01 4.556302111853509018e+01
4.518982224959800220e+01 4.549019487715525401e+01 4.153848593605637518e+01
4.279374802343534157e+01 4.493981482443253839e+01 4.284279267409547742e+01
4.407794272566582805e+01 4.338143157523821003e+01 4.270341001582988838e+01
4.518393870943919666e+01 4.499820169939113157e+01 4.243639592065668609e+01
4.450869427994555849e+01 4.519448373246803641e+01 4.315717641780707226e+01
4.319244342574264550e+01 4.401878399079593152e+01 4.298169147443093863e+01
4.449748529816564258e+01 4.428811364873572387e+01 4.259686687836715890e+01
4.763450983399320648e+01 4.359004991229283377e+01 4.370986337140823963e+01
4.180284876500734015e+01 4.375628249878613474e+01 4.419137413938551617e+01
4.226783310038337760e+01 4.415447240017673636e+01 4.339569930416318044e+01
4.375512331342449812e+01 4.496541925841061271e+01 4.253098644570138731e+01
4.601345541809479300e+01 4.578480771499661017e+01 4.258990192164021238e+01
4.598169675976304660e+01 4.448980553775835745e+01 4.350484276578719545e+01
4.689005790681287067e+01 4.609356242115834590e+01 4.299091730243510767e+01
4.194533449328035601e+01 4.513847429367605457e+01 4.333614877527120512e+01
4.502319288165811173e+01 4.618873310508520547e+01 4.374737163570200948e+01
4.504908598636887973e+01 4.611008617971069867e+01 4.265044544624871747e+01
4.780625687770528742e+01 4.575223031731742651e+01 4.329104625989793931e+01
4.406558207061035404e+01 4.592340509795867831e+01 4.262838980517767595e+01
4.533656142311389914e+01 4.702827578884836157e+01 4.307230345324725107e+01
4.590002407557204833e+01 4.726551043612754199e+01 4.386753309545930790e+01
4.550794172714195440e+01 4.407751637872693351e+01 4.268567695822933672e+01
4.424339321491890331e+01 4.272496096384374198e+01 4.368001586005464532e+01
4.611980170131576529e+01 4.332250982513615867e+01 4.310217818243653198e+01
4.561520602361048304e+01 4.362439495334642459e+01 4.391157742833568989e+01
4.500260869906593797e+01 4.329749891756568303e+01 4.313867627924513926e+01
4.576328627071769262e+01 4.340984076385874602e+01 4.488060348179089942e+01
4.842656173617674398e+01 4.414572782664975392e+01 4.405015639347552536e+01
4.160367423658327368e+01 4.478250325490002126e+01 4.421433979388277180e+01
4.620571672857391121e+01 4.478357728452584752e+01 4.256129398358945082e+01
4.547890368771268044e+01 4.535738042870099918e+01 4.333860898411569451e+01
4.715373430762633689e+01 4.513396390363497090e+01 4.282652921671941471e+01
4.886044909093142508e+01 4.414557488954014275e+01 4.501412588073048937e+01
4.762092241403546211e+01 4.435995183306104650e+01 4.466677862663591725e+01
4.850523963399741945e+01 4.503024610286313134e+01 4.357348332139105196e+01
4.343936147637020184e+01 4.553728081286077156e+01 4.333637352781043006e+01
4.438982801949372714e+01 4.671312591992819563e+01 4.315140655771674005e+01
4.482258850752056389e+01 4.523562687064374899e+01 4.410648955440788654e+01
4.200289592644187309e+01 4.667296296375597819e+01 4.441175226753258443e+01
4.338977042331019618e+01 4.653504720341720713e+01 4.327270340403998006e+01
4.403923408841524179e+01 4.620292169676609717e+01 4.396440620448548486e+01
4.646930441429510239e+01 4.536358409040224160e+01 4.353750432516106628e+01
4.693131355746543676e+01 4.687558143439094493e+01 4.361443062937851067e+01
4.270884624280120789e+01 4.704167134398272765e+01 4.505228202652519087e+01
4.680510331146653868e+01 4.656132139473636755e+01 4.526998169713026954e+01
4.334842053539439632e+01 4.314636159894179457e+01 4.352531178852562732e+01
4.556863864171120326e+01 4.241884091000952139e+01 4.482977168450904060e+01
4.491512810411286694e+01 4.265423281905356845e+01 4.628027556563810663e+01
4.377214369472821431e+01 4.461758630680359516e+01 4.355018611552147689e+01
4.621161159952776387e+01 4.279042897567673975e+01 4.411829677918182568e+01
4.659972027285355978e+01 4.265073186791830295e+01 4.521393748382642030e+01
4.715637013800845523e+01 4.294023434641849235e+01 4.443334508470360333e+01
4.421594797718917391e+01 4.372388676293248722e+01 4.363365388817694424e+01
4.672134629723967691e+01 4.372725912467961251e+01 4.492500179209425681e+01
4.497969680823129579e+01 4.435715815528332229e+01 4.348819445556397767e+01
4.683879888720672113e+01 4.407405241978430865e+01 4.297811794767908111e+01
4.779104550391500794e+01 4.443569476995435963e+01 4.315727634059475548e+01
4.500843525290842706e+01 4.599796444361487602e+01 4.474373362253635378e+01
4.253761162496858361e+01 4.595089380871307583e+01 4.318397511776398545e+01
4.661055461026013091e+01 4.372035361751395754e+01 4.392727425593531621e+01
4.279133555174891512e+01 4.494874294849155660e+01 4.384959976830813844e+01
4.444132108390007119e+01 4.682224257873590290e+01 4.466175861950129899e+01
4.659425433037003472e+01 4.559807583779340945e+01 4.502686052344985512e+01
4.581806370486555124e+01 4.576824898550348308e+01 4.419212405737909677e+01
4.247661952469179170e+01 4.606677787217793707e+01 4.507107337150144843e+01
4.151366553658180436e+01 4.575566090992309398e+01 4.400206003055360071e+01
4.603038929193633777e+01 4.637977583765857759e+01 4.342088016534074768e+01
4.486439435164508893e+01 4.733650282575536039e+01 4.390242542434727824e+01
4.793525957571553420e+01 4.636791584141623446e+01 4.408141139465335812e+01
4.451841562659870988e+01 4.240975068336216225e+01 4.459379349286000149e+01
4.401952619502068131e+01 4.303084254347078286e+01 4.653624468537290682e+01
4.604109276106532889e+01 4.370292833122270793e+01 4.599675644032272714e+01
4.288570576079104768e+01 4.281850737690894704e+01 4.509434206469244089e+01
4.353978941604437125e+01 4.256799040754665242e+01 4.437666390434053909e+01
4.259386297004085264e+01 4.312999530263356718e+01 4.418603432659454455e+01
4.523105374334900830e+01 4.266396306557153650e+01 4.391346821421442570e+01
4.144137383832529764e+01 4.377341388400195399e+01 4.516272991749882948e+01
4.307226063581029507e+01 4.399502373598157590e+01 4.398161669420927922e+01
4.489850516303273764e+01 4.299214915931956682e+01 4.531512313754890187e+01
4.314824419960621071e+01 4.529168958118840749e+01 4.538348132178465733e+01
4.377075340896350752e+01 4.529338766585912168e+01 4.429020876811901530e+01
4.628480610285360086e+01 4.488130383975695992e+01 4.439709637371817763e+01
4.707867624911552440e+01 4.461833235236767337e+01 4.383718090469655237e+01
4.106049328951797861e+01 4.539755147814936720e+01 4.482468497786093309e+01
4.404000419649603515e+01 4.571014289300319433e+01 4.518696745708955120e+01
4.283768248342288132e+01 4.590893952923452304e+01 4.414993410284996145e+01
4.441003848891515560e+01 4.754921165483948187e+01 4.544638064559677559e+01
4.776485620882315430e+01 4.528217977275372164e+01 4.421827429941057375e+01
4.832673966362535367e+01 4.499164855058008072e+01 4.499825987171442421e+01
4.873185051361399189e+01 4.568377272529190947e+01 4.430551604237429331e+01
4.418053068106135584e+01 4.659920784729366972e+01 4.568553523813228878e+01
4.470110289813202087e+01 4.716270952245639592e+01 4.636317885982570175e+01
4.667318289233757156e+01 4.723372884818337525e+01 4.453989744079203916e+01
4.842431315143902992e+01 4.642606857502362772e+01 4.497504406716589642e+01
4.522329373876000602e+01 4.756462906233491594e+01 4.484361816921373389e+01
4.414252243479377569e+01 4.360627640469851229e+01 4.563091742304071374e+01
4.386127425762324350e+01 4.266738268942547307e+01 4.537036730164610532e+01
4.668826657295267069e+01 4.299173627926346342e+01 4.630164368547193732e+01
4.752767733242969683e+01 4.298850912353836407e+01 4.548775747595302477e+01
4.378250590575279944e+01 4.353231733269941373e+01 4.456366855293239126e+01
4.777223697911342271e+01 4.397153476544637130e+01 4.657220078300465360e+01
4.806649482933993056e+01 4.341386084981315463e+01 4.474201553337724135e+01
4.436113616842344243e+01 4.436058490696796497e+01 4.439415378762138431e+01
4.537245140654332687e+01 4.446098969081002394e+01 4.442372320268799513e+01
4.495196659769147374e+01 4.569932625963085826e+01 4.573796499682979544e+01
4.470334927157898619e+01 4.493750081090097126e+01 4.513785255791857054e+01
4.578156455780544576e+01 4.667995329909607705e+01 4.467638488788851703e+01
4.596523410900196183e+01 4.434188077953206175e+01 4.522372895926926617e+01
4.237578856393561466e+01 4.511852440342857307e+01 4.476748871191816193e+01
4.364404660347447873e+01 4.740726533361945627e+01 4.481455452844410559e+01
4.678375444771000957e+01 4.599237660341573530e+01 4.613749860363869715e+01
4.385064711456404751e+01 4.722570038429433481e+01 4.383091195909388205e+01
4.691942959063140250e+01 4.602505310924451720e+01 4.416708745302782546e+01
4.753837886619686515e+01 4.594645239281901183e+01 4.494936312938911982e+01
4.862672318364245427e+01 4.574972268256134811e+01 4.569907375148449802e+01
4.759534964366731913e+01 4.679192599633773142e+01 4.584731674578195282e+01
4.218888647488365251e+01 4.659802227173002365e+01 4.587856401371340098e+01
4.292590679880224513e+01 4.692730582861191380e+01 4.406818404685115809e+01
4.379443548640899309e+01 4.679836136381617706e+01 4.658998574778649271e+01
4.667514032441622618e+01 4.710061157419669797e+01 4.610509375355531603e+01
4.608231393806370590e+01 4.740254744819282706e+01 4.533520937383445215e+01
4.314204765279519904e+01 4.292546773069436483e+01 4.605815675061813863e+01
4.238424711882493767e+01 4.412805305728561933e+01 4.493502158066281282e+01
4.504559681238724522e+01 4.364627561579577275e+01 4.617443548230551187e+01
4.676944039795591834e+01 4.388426066919341650e+01 4.689475375068104057e+01
4.477039704293224531e+01 4.341360905967006545e+01 4.440699450579683827e+01
4.222838104549166616e+01 4.331663121393636118e+01 4.566200543089464503e+01
4.265578388066746385e+01 4.368354051249377079e+01 4.651139130913388442e+01
4.581334276259163829e+01 4.267834459858144669e+01 4.583812389924958808e+01
4.336911196693956327e+01 4.449269897235215865e+01 4.481269128977917404e+01
4.501521176509567823e+01 4.398421615746841695e+01 4.523066436192419104e+01
4.831958052164130635e+01 4.356802542767226072e+01 4.570110691055273833e+01
4.175957986016932466e+01 4.478307764337969132e+01 4.548798935395187470e+01
4.592426451039560931e+01 4.613511735351562493e+01 4.564391590136846588e+01
4.388627516552559626e+01 4.466960280239608494e+01 4.565595263074803967e+01
4.783014412910136315e+01 4.444016730316958075e+01 4.567481984424578911e+01
4.749828727032546993e+01 4.537915311816743014e+01 4.577431264838668312e+01
4.417648485205390330e+01 4.582576439768232746e+01 4.639023968364939066e+01
4.345860858333114862e+01 4.642269600050799028e+01 4.475059359849191765e+01
4.600936402330388120e+01 4.451984335555825112e+01 4.660768072196785994e+01
4.326760156786397715e+01 4.619613724133265009e+01 4.582092099791900353e+01
4.528280964154421895e+01 4.634539928359749439e+01 4.642960179294051670e+01
4.615102420191455224e+01 4.658345188383753310e+01 4.686732300328563383e+01
4.700853070677047185e+01 4.471379406580900451e+01 4.635624432612269885e+01
4.336909592849113437e+01 4.724815479733110379e+01 4.579644979528872994e+01
4.623374839045126095e+01 4.517239386660251199e+01 4.587220556305272368e+01
4.715721842913119133e+01 4.659368092932486860e+01 4.684691480372779893e+01
4.466451363247904993e+01 4.361336500811954409e+01 4.709904959634760502e+01
4.566468916510957854e+01 4.311869164511715269e+01 4.676211925316955842e+01
4.722395304592575371e+01 4.560197307001209310e+01 4.701136573701072052e+01
4.872421124814115245e+01 4.479243767021159783e+01 4.599915144355342278e+01
4.382707187005221527e+01 4.416616009122182618e+01 4.734336781510535985e+01
4.173962888292984275e+01 4.402816577031795475e+01 4.617695506082417722e+01
4.530357284678555629e+01 4.468321465463075270e+01 4.590116870608483879e+01
4.567846138948738144e+01 4.395431875103609798e+01 4.736610564222862507e+01
4.667872853927703858e+01 4.480367532333186631e+01 4.729929319591477110e+01
4.223271637669955680e+01 4.558867972896010912e+01 4.592528731477169401e+01
4.359662661202834499e+01 4.399848400953672467e+01 4.637986481567927655e+01
4.691245809013624779e+01 4.467480869563510026e+01 4.531019684936495651e+01
4.451562205433005204e+01 4.452212240837970825e+01 4.656791139474442076e+01
4.795591910381109102e+01 4.495412005147869650e+01 4.669982705423779379e+01
4.254649201957450089e+01 4.554751220384472532e+01 4.689055375136798176e+01
4.315019402869013021e+01 4.373011060749519174e+01 4.545353947057278532e+01
4.564353135283361240e+01 4.528473748859009618e+01 4.505415607284264468e+01
4.569210099107544920e+01 4.724394015640810807e+01 4.624434544008886405e+01
4.790946824849188346e+01 4.602749791229121001e+01 4.641698630490243715e+01
4.147912194706430711e+01 4.628147374121925850e+01 4.517077875443965951e+01
4.119943244263708237e+01 4.555930734989199493e+01 4.581642377126991761e+01
4.455956646784495945e+01 4.642619618646558166e+01 4.711719139647680521e+01
4.615538748374951439e+01 4.552597457320608498e+01 4.682886124102526537e+01
4.515578089652243676e+01 4.675775748189290226e+01 4.546367639411866435e+01
4.284948857335944439e+01 4.647911416384184946e+01 4.668735664984082945e+01
4.761584351817116811e+01 4.700501333158328521e+01 4.481025851520013248e+01
4.271260700875055960e+01 4.455674411954201730e+01 4.597961886784707985e+01
4.478347293727810552e+01 4.450229086762841035e+01 4.755046078005009491e+01
4.568996587474374138e+01 4.496153837087282312e+01 4.753592876060848482e+01
4.250342099892791481e+01 4.454742601487149756e+01 4.699242260018618111e+01
4.329696263162565373e+01 4.504349720215382291e+01 4.739899074386648437e+01
4.451551563605171680e+01 4.547057318697576278e+01 4.744063454119449119e+01
4.543424434823434410e+01 4.599312174896683558e+01 4.736000192520673124e+01
4.336104133481008915e+01 4.523233747565648599e+01 4.636625612718064104e+01
4.168869536334710801e+01 4.498067707272543458e+01 4.650881867754350196e+01
4.357235748031875033e+01 4.598988028647681148e+01 4.718854194147567682e+01
4.517378328397823850e+01 4.527118025737550511e+01 4.671472999945221716e+01
4.707347059354563612e+01 4.380982230541387423e+01 4.586114836071193679e+01
