4.220166686802829759e+01 4.417493491800485117e+01 4.589361147206797398e+01
4.346182527508949534e+01 4.377718342996358558e+01 4.368266036800932284e+01
4.440138507802619472e+01 4.629860247280446117e+01 4.353189715428835882e+01
4.519719685145182098e+01 4.580137921146129543e+01 4.318251323315415391e+01
4.820941133414760316e+01 4.430763770445457794e+01 4.540407156903370378e+01
4.623297299099793634e+01 4.669210141018165672e+01 4.422686569799355993e+01
4.556702317691681259e+01 4.625611405376147189e+01 4.652306720259471717e+01
4.193647101026276403e+01 4.584060036083210576e+01 4.548348881855427805e+01
4.767699452545627992e+01 4.455676839126657285e+01 4.621668171167171124e+01
4.399202895105301536e+01 4.499529643857216143e+01 4.692403858274886375e+01
4.322794190758436628e+01 4.567078126020936679e+01 4.342034106043075781e+01
4.537677392765144191e+01 4.684368025820065640e+01 4.573221366901896090e+01
4.426998501674158604e+01 4.405139575124216833e+01 4.672345922397182960e+01
4.408929107961729699e+01 4.321759433338183953e+01 4.424448231766184847e+01
4.780164481709923052e+01 4.550757055609699364e+01 4.392995691591050900e+01
4.624455500945548181e+01 4.684678691468136691e+01 4.523320735964745154e+01
4.352902621835183083e+01 4.649084168561760322e+01 4.398184181843184604e+01
4.592446485047864257e+01 4.511980463097305005e+01 4.308394920168173314e+01
4.711688883225505009e+01 4.657247599551730843e+01 4.482762231433943612e+01
4.824179821635589605e+01 4.462854029560143942e+01 4.435591564638069428e+01
4.472215480147697519e+01 4.300058923185481774e+01 4.510229824214877681e+01
4.515624308571162970e+01 4.316094286800202440e+01 4.420931252941737455e+01
4.546152002968794648e+01 4.316899650520468867e+01 4.578539536118333331e+01
4.450158565680108325e+01 4.331794243173536074e+01 4.606484981876754148e+01
4.299285976935661324e+01 4.343218286200087164e+01 4.450046753522522636e+01
4.695787264782497772e+01 4.644013991551072706e+01 4.581120856004032760e+01
4.364652274184751946e+01 4.660654400787268514e+01 4.590262089372322407e+01
4.687633405865280167e+01 4.331306529191097354e+01 4.485210759025625293e+01
4.683712603304074662e+01 4.402434902357941837e+01 4.640602557890136382e+01
4.372638048176395387e+01 4.314006760964937826e+01 4.521761485212449827e+01
4.471151698587483736e+01 4.371535175175158372e+01 4.347710931041181937e+01
4.781211278529850972e+01 4.610975219190556373e+01 4.540721591168258442e+01
4.302611100985799908e+01 4.537672411766450153e+01 4.661619234813150570e+01
4.590401429875377914e+01 4.306517407159793720e+01 4.488005046183556601e+01
4.607181075401459935e+01 4.344464637287384789e+01 4.390059606289025851e+01
4.275086532494717062e+01 4.614290191346052694e+01 4.602371392005689188e+01
4.261739549426286544e+01 4.645951511566971703e+01 4.504856863220250318e+01
4.385484083672609756e+01 4.594789204901089619e+01 4.663959189615738410e+01
4.657011872558461363e+01 4.437850428292979643e+01 4.333069830142761703e+01
4.704462002002703969e+01 4.618392649387766369e+01 4.390881629996432878e+01
4.208482790803276430e+01 4.388517598436963851e+01 4.491139111161331243e+01
4.614500374433386298e+01 4.604487376602091331e+01 4.343943120825493054e+01
4.459345692790027726e+01 4.652460842003306851e+01 4.627253959408976414e+01
4.745005291581637152e+01 4.568440317349915603e+01 4.625388545340625512e+01
4.355462985577922552e+01 4.681337303061427946e+01 4.492815532439711035e+01
4.175028171264304433e+01 4.464102309998980900e+01 4.434509185179764756e+01
4.523848936669595844e+01 4.377230529072950560e+01 4.658657844524489633e+01
4.297357275005910537e+01 4.436872522202362745e+01 4.651692355621122488e+01
4.155843536375955694e+01 4.480842167764673434e+01 4.534007727264823018e+01
4.354971942933669027e+01 4.360578307252383468e+01 4.618930985546545287e+01
4.703636612145407980e+01 4.374726631528538690e+01 4.396434865523157498e+01
4.651221524524030571e+01 4.592455077358388138e+01 4.655028009676854595e+01
4.249715698981154333e+01 4.411181090475797362e+01 4.391800378496928658e+01
4.600018827052044657e+01 4.438960518577437142e+01 4.682632123064755092e+01
4.576804736910880678e+01 4.536005463681524219e+01 4.692347378738628549e+01
4.179614787190494951e+01 4.563282447922217244e+01 4.450901976079472888e+01
4.481213126310512962e+01 4.569701711546835554e+01 4.687669016864390414e+01
4.740862321083600506e+01 4.367907767687566434e+01 4.561857613555120849e+01
4.538219737624242356e+01 4.696069717452903092e+01 4.473164996769759227e+01
4.560990158711194198e+01 4.409776028409658011e+01 4.325394413191979481e+01
4.834113288035536726e+01 4.553273645968438643e+01 4.478116488675070173e+01
4.500970684375303676e+01 4.467515149400712460e+01 4.698256090290610132e+01
4.750472452489742636e+01 4.458649740236960213e+01 4.367436281305285206e+01
4.281833150644773411e+01 4.350039823872340605e+01 4.548489367618280710e+01
4.496536999003424739e+01 4.483119464454181013e+01 4.301444985977759927e+01
4.680993306917983432e+01 4.498419241644246824e+01 4.671788037111170411e+01
4.415168262761417850e+01 4.542079237842600747e+01 4.311466657578004913e+01
4.773672523061225803e+01 4.379391514942602726e+01 4.467772382073715676e+01
4.821795133496379293e+01 4.525477490144871950e+01 4.574193660327672717e+01
4.445052013849466732e+01 4.693539238690046744e+01 4.536504889702816001e+01
4.215483469037366149e+01 4.513733707006574036e+01 4.616778568333531041e+01
4.645017176567466777e+01 4.333672929341025792e+01 4.576122794568740915e+01
4.257836309772281425e+01 4.611121471368568336e+01 4.409064487328528514e+01
4.690877859849656062e+01 4.534118835828034122e+01 4.337018053623376090e+01
4.440577448778401504e+01 4.685626527841959188e+01 4.436581164210710426e+01
4.234225900031593426e+01 4.520938657957435680e+01 4.372124897445067404e+01
4.310547654754492441e+01 4.467588685504422585e+01 4.335429548269941336e+01
4.405912076283284762e+01 4.441179734762739884e+01 4.317017158672560129e+01
4.532634614467689715e+01 4.657649356717573852e+01 4.380191403199182787e+01
4.296714469395801927e+01 4.450978766037857071e+01 4.534023850083251972e+01
4.671609744529747843e+01 4.565923054261755709e+01 4.501708440943149725e+01
4.322890607650890615e+01 4.466180256866776688e+01 4.436633842700733510e+01
4.459316935381073677e+01 4.502141295519798803e+01 4.392519922522907194e+01
4.752418110159358378e+01 4.499974815288464214e+01 4.500573923779030139e+01
4.571524018160909719e+01 4.594643844654697062e+01 4.465303907572040032e+01
4.530558080022688472e+01 4.531055871949754277e+01 4.603657131139359393e+01
4.611224672807195191e+01 4.403856695374207675e+01 4.470432184926450248e+01
4.669451471799892062e+01 4.485864404940380012e+01 4.429395138320421665e+01
4.522349367512214968e+01 4.425551287835831715e+01 4.417449865955702393e+01
4.593876014996497759e+01 4.499697256857561456e+01 4.493600026496415012e+01
4.474498624420925097e+01 4.591206977428834790e+01 4.439843989722339757e+01
4.431606425319825604e+01 4.541426250952711996e+01 4.592214946678392096e+01
4.587064939603099134e+01 4.415745782479658743e+01 4.583517168897420646e+01
4.422964792366003905e+01 4.400292248181534660e+01 4.526833354708543311e+01
4.626703163571922062e+01 4.507705964544443589e+01 4.588171999593527062e+01
4.494185365816028366e+01 4.504637944613162404e+01 4.486622182448987672e+01
4.557643935498873589e+01 4.517946988436377609e+01 4.402130603350130400e+01
4.412326618530580191e+01 4.421945408625241214e+01 4.429503619222222000e+01
4.496076378229048487e+01 4.598815059744558909e+01 4.537977008220401842e+01
4.269128006783784457e+01 4.537310184162232929e+01 4.487775678428511839e+01
4.395925683777097248e+01 4.494417380665980488e+01 4.502184169698207228e+01
4.480654255170679079e+01 4.444380610715375468e+01 4.597581853310509103e+01
4.678641815826067329e+01 4.441287496784848798e+01 4.534187748358038306e+01
4.521439518733144780e+01 4.387687207029658509e+01 4.511805727352253115e+01
4.592924393241204939e+01 4.598484001215525296e+01 4.563055465700126945e+01
4.399201380062147848e+01 4.593762495748875097e+01 4.513398178349406464e+01
4.379606257035646877e+01 4.455934816127433606e+01 4.597950124535429239e+01
4.333964808968750759e+01 4.539348835533186843e+01 4.566583552013760539e+01
4.379472412576080131e+01 4.554015010965401444e+01 4.423486488166168584e+01
