-4.565347240302912724e-01 2.339137647451930424e-01 -9.429222565567627612e+00
5.325817017205740633e-01 3.595627800625282311e-01 -9.337510560566983031e+00
-7.332689523698547873e-01 -7.184747061812828406e-01 -8.934427738029484090e+00
8.135631014769428848e-01 -8.674563571503171033e-01 -8.699542476915638645e+00
-1.034639503252677173e+00 5.914070348613189587e-01 -8.695657650934165872e+00
-5.488038303563769205e-02 3.299722988285121866e-02 -8.453953334225388971e+00
1.259555057774210729e+00 2.369863637275502338e-02 -8.584746035821240184e+00
-1.153925011814322943e-01 1.079565508920234729e+00 -8.853758427116218854e+00
8.386293831201010462e-01 9.415699391347653879e-01 -8.582865696470165062e+00
-6.499445725835073517e-02 -1.313917517817444036e+00 -8.488127627546163012e+00
1.037990079959896228e+00 -1.293113150660445854e+00 -7.767867230347690111e+00
-1.382787632744140183e+00 -2.689337378971856651e-01 -8.314542104044477355e+00
6.104556082362182501e-01 -3.902944675268003039e-01 -7.836559167650904101e+00
1.610206152298102156e+00 -4.672271631089870425e-01 -7.722252590370672465e+00
-1.772665779106020523e+00 9.015449438269688975e-02 -7.465469441506797921e+00
-8.358242821631591823e-01 3.358051552428091280e-01 -7.729154561740017471e+00
5.656967722666035314e-01 6.007634112757865852e-01 -7.666272048015244422e+00
1.570003795771362620e+00 5.401184048171698837e-01 -7.762634072256190620e+00
-7.324919484823340099e-01 1.330085981892389135e+00 -8.089521640797897817e+00
2.493115498655182893e-01 1.527609100702562728e+00 -8.025293316628932416e+00
1.112471830116051219e+00 1.403671217485686018e+00 -7.421144556380312451e+00
-7.579083045285557318e-01 -1.493811800259308598e+00 -7.726095248081179534e+00
1.832283683322201706e-01 -1.772001682253929289e+00 -7.447667482830865993e+00
8.600592068206792673e-01 -1.866312635601346415e+00 -6.588725024845800249e+00
-1.522370878313864750e+00 -8.776119963304012117e-01 -7.513524469801595274e+00
-3.612994847469082060e-01 -5.464038905850969741e-01 -7.645754966759298554e+00
5.339140541776058457e-01 -9.590040594498532300e-01 -6.955426198693075435e+00
1.622594436202076551e+00 -1.108961225784554472e+00 -6.895679148644703105e+00
-1.985704357419322719e+00 5.295924014244457467e-01 -6.588135576235956137e+00
-1.040527245838063664e+00 -2.680668231850802385e-01 -6.856907442132637698e+00
-1.612396914626401667e-02 1.273774848070216292e-01 -6.929654436590652722e+00
9.861249470557220675e-01 -3.020632170704118380e-02 -6.970109122345405694e+00
1.995641837958578746e+00 -5.679162212319965874e-02 -6.792243510349308622e+00
-1.484623932689174808e+00 1.053407169365609297e+00 -7.338718944856637449e+00
-2.281322927555606839e-01 1.094064794661559814e+00 -7.250795441220489579e+00
6.122927423110823275e-01 8.758879951957918575e-01 -6.667422611850923886e+00
1.757437099721333995e+00 9.333948579689158587e-01 -6.814203918635257651e+00
-9.159775080179457518e-01 1.742455794302311345e+00 -6.885201208689196051e+00
3.410375576052314117e-01 1.907801819897074092e+00 -6.983920035177831664e+00
1.169024880152908619e+00 1.755004439736152388e+00 -6.390565169510011856e+00
-1.634936501407793230e-01 -2.079850311804349872e+00 -6.474651770355421831e+00
-1.416635198806574181e+00 -1.448832992489712979e+00 -6.689830739541548610e+00
-4.577018180174832196e-01 -1.155825826171195558e+00 -6.832330784455336925e+00
3.226666424433817237e-01 -1.445806445482318736e+00 -5.811076319572649140e+00
1.588672898757000462e+00 -1.555592963779034221e+00 -5.926842640355943104e+00
-1.979404981954047571e+00 -5.211828345941853513e-01 -6.617555671326229572e+00
-9.521956586144710855e-01 -8.150812503927937769e-01 -6.017912554929310431e+00
5.376675826221047338e-02 -5.238376988754396280e-01 -6.125132788175434939e+00
1.043337150691009851e+00 -7.143883364518615053e-01 -6.125988894676353880e+00
2.096955681549807160e+00 -6.786164117462476497e-01 -6.009637556336599573e+00
-1.382613758314676033e+00 1.031030719556703390e-01 -5.909502247032435207e+00
-8.921886438489678994e-01 7.295939465856391415e-01 -6.573642227726878673e+00
-2.895845032520583118e-02 4.647148907127098827e-01 -5.971169242440240055e+00
1.223998263001140341e+00 3.566432612425312065e-01 -6.061601747959429076e+00
-2.146204427773184875e+00 8.278413169476452893e-01 -5.579554582183632760e+00
-1.635406587612891371e+00 1.398425638322491338e+00 -6.223407661337759578e+00
-1.790358384366186328e-01 1.404516007267831101e+00 -6.289672156706927808e+00
7.150461268710899265e-01 1.167602985410648442e+00 -5.627783541185735317e+00
1.845058561798591290e+00 1.287039909958979989e+00 -5.812354344071806622e+00
-9.196622930549978037e-01 2.027360876613765850e+00 -5.914975424399003145e+00
3.815304620170326122e-01 2.188815866472712646e+00 -5.933882657812901584e+00
-1.014576897692407442e+00 -1.995953141487660787e+00 -5.859138441662238961e+00
-8.409708132622029098e-02 -2.318436363025455194e+00 -5.485358921370078633e+00
9.316235220349023960e-01 -2.147435969757708563e+00 -5.382600833371384397e+00
-1.918732846521834290e+00 -1.161538733673637580e+00 -5.841931580711815286e+00
-5.238672403297925939e-01 -1.318919228298270241e+00 -5.262563356110248947e+00
-6.721630245317555818e-02 -6.223921401443703871e-01 -4.630013848128157861e+00
1.439607572676865788e+00 -6.550256189692902353e-01 -5.206449545136095480e+00
-2.283862234856471218e+00 -2.555000612482416500e-01 -5.590054737744409863e+00
-1.334776425037645708e+00 -7.302274364411260876e-01 -5.092415027560207363e+00
-5.736395316277622669e-01 -1.146900768128773507e-01 -5.327956911223992620e+00
5.833100837595586174e-01 -1.127817564011621698e-01 -5.325097252333918618e+00
2.208328834614641689e+00 3.302848262608469865e-01 -5.885931308836248377e+00
-1.496958475018089985e+00 3.944792746894051905e-01 -4.951590070059609161e+00
-8.936362275871942984e-01 9.828706216778074767e-01 -5.604019609593279938e+00
-8.214039758173896644e-02 6.755221575933839651e-01 -4.958897515504332887e+00
1.313780567286574552e+00 5.389641128102866663e-01 -5.078652254582038950e+00
-1.640485675880896110e+00 1.704440505413318707e+00 -5.256334734671398223e+00
-1.643894300526511643e-01 1.634330599396683015e+00 -5.293932360413563742e+00
1.176647072979481568e+00 2.031775708047397710e+00 -5.347042908799821248e+00
-1.371260952430120028e+00 -2.189567130116287785e+00 -3.903771057727951188e+00
3.149986767956527989e-01 -2.468613517831499848e+00 -4.557364474888771610e+00
1.300847486383160279e+00 -2.143131770669484126e+00 -4.439946513399846140e+00
-1.648487342132327171e+00 -1.748290833418693069e+00 -5.058357697060699820e+00
-8.417292861881833232e-01 -2.294821865063653377e+00 -4.825043221501204016e+00
6.677717833992218299e-01 -1.252035773915480377e+00 -4.886338246178922873e+00
1.895263521211639990e+00 -1.509956052770405677e+00 -4.945844977153512900e+00
-2.306775808077347278e+00 -8.616885443694286550e-01 -4.717862464000617706e+00
-2.097835458209445392e+00 -1.502729706983046754e+00 -3.926450668252599030e+00
-1.178002896456206372e+00 -1.267672352066782082e+00 -4.263522877069235051e+00
1.280060462854579750e+00 -9.277471370148901997e-01 -4.161501601646762083e+00
2.373660038215734680e+00 -2.997206159381704538e-01 -5.114764326189728649e+00
-2.466196293253176464e+00 1.287100066394740172e-01 -4.675097752986530963e+00
-1.616753556720368579e+00 -3.701912291365374585e-01 -4.178638562005858148e+00
-7.432330799090323126e-01 9.750033698064392018e-02 -4.353106405620337682e+00
4.915552646681062843e-01 1.594402991075273279e-01 -4.306451575811578891e+00
1.740259717955696006e+00 -4.203739475326528918e-02 -4.381537571071945081e+00
2.321145470244546871e+00 6.940370382261046300e-01 -4.948850964010134135e+00
-2.197199687403596613e+00 1.143862784493685725e+00 -4.628881731007922440e+00
-1.000689187079160547e+00 1.220328773334152572e+00 -4.621059869307913459e+00
-2.499975388122521736e-01 1.823894812024141387e+00 -4.256730808523144560e+00
6.199403554663578397e-01 1.355431968594523973e+00 -4.634801949527144416e+00
1.877971368929980622e+00 1.576047572507031092e+00 -4.782003860588446287e+00
-1.616129356536589512e+00 1.949157879307535035e+00 -4.273971465649594847e+00
-8.769353492002380790e-01 2.263407562840430209e+00 -4.922518464602902100e+00
3.603989136031926499e-01 2.408702439973238629e+00 -4.875947163675320439e+00
1.180787245960924103e+00 2.233420221298916264e+00 -4.312339453467984640e+00
-4.358071876142588508e-01 -2.548713302877260389e+00 -3.887093462610280881e+00
9.677084653436447415e-01 -2.444859674074621125e+00 -3.534181370432804670e+00
-1.852925567575482546e+00 -1.940210325950090464e+00 -3.037708538684782411e+00
-7.339032425842049179e-01 -1.593134858325967684e+00 -3.387838459718551576e+00
-1.320416325196447360e-01 -1.565757548816904432e+00 -4.295781340279091864e+00
1.182285554895003754e+00 -1.359092661045991690e+00 -3.184458380710637471e+00
1.956774572881859298e+00 -1.702155265617179225e+00 -3.826875075931894798e+00
-2.438075450023617918e+00 -1.113053810698147572e+00 -3.065289220396508085e+00
-1.494427333772790689e+00 -9.194156340361843149e-01 -3.335052945226422594e+00
-1.141354600290327426e-01 -9.415023112681950579e-01 -2.765613606919046674e+00
4.174460609783594567e-01 -8.051619310892874637e-01 -3.662652535357395323e+00
1.890619114521132405e+00 -6.654230246218304501e-01 -3.414160500309606050e+00
2.360913640020538384e+00 -9.085867616956164738e-01 -4.289595560193447454e+00
-2.552478172319936789e+00 -4.652242189183368737e-01 -3.818936054382334078e+00
-5.839273113821690231e-01 -5.239252292379177334e-01 -3.585453567773285499e+00
1.894134753409315586e-01 1.320039920230439701e-01 -3.347112611320682163e+00
6.916017028728521643e-01 1.029709571645296862e+00 -3.426774010645672774e+00
1.169583294730060841e+00 2.057200767884179854e-02 -3.560949710020850034e+00
-2.543119955851338432e+00 5.470934073955202592e-01 -3.765616786120418169e+00
-1.555069474562856158e+00 7.482858124296676294e-01 -3.931857448200887006e+00
-8.170521713047804724e-01 4.354222509727327384e-01 -3.288444945839685829e+00
-1.904103268456793785e-01 8.682349382204377353e-01 -3.938103721114103450e+00
1.410097162101666690e+00 9.556451379796101486e-01 -4.120304509384311586e+00
2.410175202659628368e+00 9.076355787330593339e-01 -3.964836345739954027e+00
-2.170694525248833884e+00 1.473306737225999807e+00 -3.584635269273888980e+00
-9.349042756323768799e-01 1.451010730389958425e+00 -3.575359710856986339e+00
-5.258393514937154123e-02 1.872470055918709742e+00 -3.198581313866739606e+00
1.032118341589801647e+00 1.972127849289743606e+00 -3.345909766012823638e+00
1.907930056664177032e+00 1.762644084203867312e+00 -3.795499747354867282e+00
-7.433913489307855116e-01 2.504164522528883108e+00 -3.678087410942211477e+00
3.458739586810619104e-01 2.573723027893867865e+00 -3.800681970467550741e+00
-9.794539141537228488e-01 -2.505396236157309886e+00 -2.963810118426550844e+00
3.964031393320877061e-02 -2.685546647108097318e+00 -3.007324389147257193e+00
1.586405452528363069e+00 -2.192412574188864482e+00 -2.790049685335517893e+00
-2.257617139336517198e+00 -1.576102990005537663e+00 -2.196513956471832785e+00
-1.207033041474844026e+00 -1.312653715823316247e+00 -2.456308761453357192e+00
-3.127056797855800596e-01 -1.891359566718463725e+00 -2.468341768365618805e+00
2.556713386090116447e-01 -1.756667812469885348e+00 -3.352253962301489310e+00
1.569948919461102044e+00 -1.028239971484794069e+00 -2.311963868844884473e+00
2.279191379784148541e+00 -1.439335078388026545e+00 -2.904971139397233060e+00
-1.989833354537182686e+00 -6.191084135115261233e-01 -2.310308672586387502e+00
-9.996075395344377057e-01 -3.556901038136288662e-01 -2.669199125712140130e+00
4.422508725715338929e-01 -9.143432821389865239e-01 -1.916096409723735405e+00
8.209223218602911265e-01 -5.206006498965649598e-01 -2.768499702036933741e+00
2.674227409074992678e+00 -3.894015992514709978e-01 -2.831402596140890182e+00
-2.697094686418310516e+00 -1.498685750640760261e-01 -2.844234435935561578e+00
-1.800217828988451174e+00 4.634749276691153136e-02 -3.261808858003647060e+00
-8.939019435518957835e-02 9.438984198857194308e-01 -2.757294716740034346e+00
8.498861097958468891e-01 5.243939595575027868e-01 -2.560366163235812564e+00
2.633363836254630552e+00 6.114294985832885443e-01 -2.820584341304410714e+00
2.599815430847432385e+00 -5.636712209849292776e-02 -3.772565227854400405e+00
-2.563521625121765624e+00 8.605051459928070301e-01 -2.813108393875452862e+00
-1.555358464138336672e+00 1.014006189953743142e+00 -2.918800144886617431e+00
7.945097049411420365e-01 1.535768123996317014e+00 -2.467433920766353594e+00
1.673980284221267878e+00 8.118755837880200499e-01 -3.133802878090293120e+00
2.194625387429701480e+00 1.592064903756916339e+00 -2.732433334526234603e+00
-1.567299533447410909e+00 2.160293954090489077e+00 -3.175387706375232710e+00
-8.745844823963153658e-01 1.621303284372265674e+00 -2.499232517872997050e+00
5.259516672803488113e-01 2.653652219774035093e+00 -2.800044814734604870e+00
1.499200859921926199e+00 2.280827234115603286e+00 -2.516307931919627094e+00
-6.758070420651165477e-01 2.633367784885806362e+00 -2.646368320315730216e+00
-1.552481641932843104e+00 -2.280602755771838019e+00 -2.115457081668012052e+00
-6.497625175890249238e-01 -2.691105618867851490e+00 -1.966575314546631148e+00
3.493263864738616054e-01 -2.740567827330721684e+00 -2.056523550461420768e+00
1.289715070990856693e+00 -2.456732643230225221e+00 -1.862576047307172189e+00
-2.013123874978504091e+00 -1.950251988028611549e+00 -1.289267291272551574e+00
-7.411296564405347453e-01 -1.738443923911049183e+00 -1.557992454121304604e+00
2.912477973547292764e-01 -1.864259197481302976e+00 -1.473034946746523133e+00
7.023698719248333555e-01 -1.763402190994654006e+00 -2.397293575211989491e+00
2.070228398544719184e+00 -1.836179144067926927e+00 -1.986461878147309790e+00
-2.616967193631637656e+00 -9.816082833460200163e-01 -1.472673532222458448e+00
-1.500495360650404564e+00 -9.671270740008566236e-01 -1.482462258274864553e+00
-5.702864086165959634e-01 -7.702992337258649513e-01 -1.866055882502081431e+00
1.237754731546528486e+00 -1.521232288606924499e+00 -1.503608620923500894e+00
1.874657633120484279e+00 6.003954560640238636e-02 -2.420146895951106103e+00
2.586094307187340124e+00 -9.781851599307458400e-01 -2.022787934590311920e+00
-2.775026562273325226e+00 -5.848643341813897223e-02 -1.846177356655104518e+00
-1.856137740141974746e+00 3.712860972276004756e-01 -2.201963613592013758e+00
-9.015435078407989522e-01 6.865320584558938233e-01 -2.140958995869027603e+00
-9.195610448935553904e-02 -2.751197925678638967e-02 -2.340593526435455374e+00
6.669683137415318708e-01 1.259202562021368155e-01 -1.642328593127714953e+00
1.594907035878230461e+00 3.679360703157533163e-01 -1.346111554391526965e+00
2.772892097819658730e+00 -2.639896247984552247e-03 -1.893052127120753880e+00
-2.610665788330422288e+00 9.511542783857436234e-01 -1.795426717436825470e+00
-1.999325664736517183e+00 3.206635552386044585e-01 -3.372058257225489797e-01
-7.501232967977671251e-01 1.642995299422178812e+00 -1.407020240135196332e+00
1.094727942178385684e-02 1.013253283740917388e+00 -1.689292569099706043e+00
1.625803633342944865e+00 1.010969400174566379e+00 -2.139833555034243773e+00
2.595199192941284316e+00 9.876147906212745520e-01 -1.826624074591009617e+00
-2.149304393640733224e+00 1.692396581623691443e+00 -2.437574617619901574e+00
-1.683456376634481444e+00 1.270548191096904977e+00 -1.595401330484847335e+00
-4.696736676869761595e-02 2.029655580850688423e+00 -2.104196632136662970e+00
1.135846648243472368e+00 1.577660211992091055e+00 -1.437538333646998012e+00
2.047209665363230346e+00 1.881052421738993674e+00 -1.765904969688904202e+00
-1.465946387595437272e+00 2.338976044655910691e+00 -2.092354015964872360e+00
-9.127799617797762721e-01 2.648924466496680896e+00 -1.316579042998469617e+00
8.491125606295166217e-02 2.793769478938611162e+00 -1.471575785280862192e+00
1.061000964271175517e+00 2.576390448064906025e+00 -1.651270381738044080e+00
-1.728831528263327755e+00 -2.236452047474443816e+00 -3.430171627634734932e-01
-1.209150445773303773e+00 -2.534659884427298948e+00 -1.145893761746265227e+00
-1.784379695509699104e-01 -2.804878577379483318e+00 -1.080663832204137975e+00
8.131525527195703207e-01 -2.693101212041597137e+00 -9.987103690407508338e-01
1.709970150369031439e+00 -2.234610827915204823e+00 -9.785507564736377617e-01
-2.395298565955670256e+00 -1.497922391206941484e+00 -4.743789660453074930e-01
-1.195340927616385329e+00 -1.414500087587114763e+00 -6.375099121392935331e-01
-2.851803473947001066e-01 -1.857739120757173623e+00 -6.071442399415758473e-01
7.433092301265689095e-01 -1.765255146664330255e+00 -5.572375944830980643e-01
1.827707826589039852e+00 -6.090291439667367968e-01 -1.440476011372439302e+00
2.389858741025893796e+00 -1.477608123743195279e+00 -1.103926585220662560e+00
-2.773703099130472083e+00 -5.259032763631097396e-01 -5.950833139023501417e-01
-1.947259590161067422e+00 -8.513220310105396038e-02 -1.282999441962815013e+00
-4.588228161990457465e-01 1.446225975376616291e-01 -1.423304872345610761e+00
-9.508872904405052395e-02 -9.292949987452630012e-01 -9.713873766927889619e-01
9.218284265280413114e-01 -6.571791540787046415e-01 -1.014899333412856208e+00
1.971554163706265683e+00 -1.420230520991196954e-01 -5.441673650289828856e-01
2.760129488083613136e+00 -5.370662680651037135e-01 -1.039658625826774596e+00
-2.782323349323419848e+00 4.251860866201606637e-01 -9.509799430480398996e-01
-1.801208396466066120e+00 -6.703667818874947670e-01 -2.995393231173153481e-01
-1.208179294000188975e+00 6.284272938874470027e-01 -9.679265556196980924e-01
7.988997479271353619e-01 7.702078292242533486e-01 -8.769596001410064900e-01
1.725282295382716047e+00 8.598305486038979595e-01 -4.757580706221062883e-01
2.773994114948310941e+00 4.712784839366819245e-01 -9.804970382831470488e-01
-2.422601742435205097e+00 1.433880013452291546e+00 -9.332658056300431326e-01
-1.088705277073358957e+00 1.537225049674812549e+00 -4.444668912923646076e-01
-2.900462427116963227e-01 9.800595002708824000e-01 -7.322884766202264473e-01
1.055910282665883049e+00 1.624792574079888086e+00 -4.242948321315083149e-01
2.423051593397545389e+00 1.433155052696486464e+00 -9.327127257258354120e-01
-1.781768848101677349e+00 2.170311631403351704e+00 -1.153833133612806705e+00
-1.877184629965569229e-01 1.879210232861612040e+00 -1.695327148633793968e-01
2.095627325537394725e-01 1.806097369008125009e+00 -1.110593136644794754e+00
1.672973442173609548e+00 2.264719058534628626e+00 -9.159738323773325419e-01
-1.267151585071559339e+00 2.526467520969124969e+00 -3.728798464110809618e-01
-3.012027456322243779e-01 2.808090305868015779e+00 -5.329069487138298200e-01
7.272995631061351940e-01 2.725539002488194917e+00 -7.052251926153303430e-01
-1.329892980595886343e+00 -2.491246336194208766e+00 5.455112243219197854e-01
-7.692992435311651889e-01 -2.720827559937760043e+00 -2.646759497487352064e-01
2.541668371013966476e-01 -2.816640378019272362e+00 -1.777960944703522728e-01
1.231552334442444829e+00 -2.546249744509140100e+00 -9.014538686956541369e-02
-2.167420688205240253e+00 -1.812508066811574281e+00 4.537627006925414874e-01
-1.729493655626029636e+00 -9.442454000082420862e-01 6.872647918647109000e-01
2.022188247796171956e-01 -1.848287455783889754e+00 2.836341122068274934e-01
1.632052769314444429e+00 -1.164003672510091292e+00 -5.142700270008049301e-01
2.047177997449738385e+00 -1.951819004657977530e+00 -5.728986711193329029e-02
-2.672905526629079986e+00 -9.205698138232918382e-01 3.205324867959800650e-01
-9.335431772773432613e-01 -4.226396903090687829e-01 -7.477481733710931167e-01
-4.684566115099926265e-01 -7.239037402043919656e-01 1.344570473632455132e-01
5.655992812714292217e-01 -7.663967383297745073e-01 -7.527450425486392760e-02
9.716467044026831923e-01 -3.334391175331461454e-01 7.870541814693982063e-01
2.619100677470433958e+00 -1.067448828349213841e+00 -1.389501999468336635e-01
-2.826466041904637905e+00 9.268930191535568186e-02 1.951199015975551843e-01
-9.994546694328363401e-01 1.990817966286496377e-01 3.387347780786914564e-02
8.367414839819127537e-02 6.031463066614662499e-02 4.236293013859028234e-01
1.433135451535869076e-01 4.607529817441355369e-02 -5.934907111119400724e-01
8.416211820533383570e-01 6.679871102689955986e-01 9.254977912396950002e-01
1.099943685055078779e+00 1.286950592214226863e-01 -9.694177685699401081e-02
2.828165354144037469e+00 -4.653019195764329652e-02 3.953642636453930798e-02
-2.623426642210873183e+00 1.057569306278493659e+00 -9.087633084448043519e-04
-1.604019281454981183e+00 9.757343286706234853e-01 3.208348211431585884e-01
-6.003047329468245152e-01 1.083913466235513212e+00 3.017440367793954303e-01
3.870001036705404407e-01 9.932650575192447651e-01 1.638629989898171893e-02
1.505974315689876830e+00 1.266295101819571167e+00 4.453140759216406841e-01
2.668089397594375356e+00 9.387872158647286858e-01 -9.501872619010498511e-02
-2.063819468909983357e+00 1.933818016866252210e+00 -1.441885974994079334e-01
-6.315082164741028237e-01 2.754487125876773579e+00 4.125755223461052279e-01
-8.388347409238576802e-01 4.435445240530302979e-01 1.067426438130776312e+00
6.746113679935641372e-01 1.851471526994820982e+00 4.762624069316279130e-01
2.126642087819484050e+00 1.864860489455177683e+00 -7.580853042922797158e-02
-1.541451424047920682e+00 2.365199607569528073e+00 5.927275447974073019e-01
-1.014086776610184870e+00 2.606389396569307237e+00 1.434890118556592320e+00
3.553606931783342415e-01 2.805374599142987257e+00 2.248573090449816902e-01
1.346709446114402242e+00 2.487337763172151828e+00 6.283246129608208164e-02
-1.818059468449888527e+00 -2.130481655433897004e+00 1.341079807651185618e+00
-8.950467139600846167e-01 -2.648698787886957007e+00 1.454461814255534557e+00
-3.267839691829834692e-01 -2.803164352282735194e+00 6.457898270691060372e-01
6.746314923420031473e-01 -2.738542143610345647e+00 7.276732961288425727e-01
1.594066885654503274e+00 -2.324156200965532548e+00 8.167913310750657407e-01
-2.484376368067088947e+00 -1.300117326060728828e+00 1.260982135010869198e+00
-1.383454285540935302e+00 -1.284029734573962855e+00 1.657823620467477665e+00
-8.574537535918125286e-01 -1.641718815155712718e+00 3.013917988622770161e-01
1.198473444466296778e+00 -1.531517633794607036e+00 3.143884580847762233e-01
1.463346465505207972e+00 -1.089346927426063871e+00 1.236086026038456076e+00
2.339729045517652040e+00 -1.570866229848789430e+00 8.224395531897339406e-01
-2.793442579663675929e+00 -2.969092921143783315e-01 1.120874353180274063e+00
-1.867987840266181365e+00 -3.925344123549621145e-01 1.520130269177141891e+00
-8.502478407218916345e-01 -6.586043357725230862e-01 1.086441401992666922e+00
1.967282280988078558e-01 -1.010999044694173676e+00 8.450107017896962835e-01
1.035393302262487270e+00 4.864801916284317018e-02 1.729662158797547367e+00
1.844379156062798231e+00 -6.314174244061234731e-01 3.215919809279549901e-01
2.743774833883653397e+00 -6.365702477152410665e-01 8.793478269543795189e-01
-2.755729499514771419e+00 2.828376267189091076e-01 1.937716402853650655e+00
-1.899353598175039792e+00 4.269393730959356731e-02 6.182411189367083004e-01
-1.778691578611628188e+00 7.644518423838648769e-01 1.308216242672529450e+00
1.803268309248742707e+00 8.281737361748650050e-01 1.333701612075557819e+00
1.976417271687076482e+00 3.778149847375739112e-01 3.637740559066931501e-01
2.786118981339936074e+00 3.995354574331240749e-01 9.510982924622549683e-01
-2.725529119166523628e+00 6.982529653820425120e-01 9.868194889080121879e-01
-1.170956838685313528e+00 1.537897841635523344e+00 1.032692924812967927e+00
7.246253668849798879e-02 5.446383948767741928e-02 1.436530542869983496e+00
5.362405777324410483e-01 1.841805099655645872e+00 1.471112841241124736e+00
2.465572548399153963e+00 1.366604057066136413e+00 7.889096120007375035e-01
-2.323680168493936549e+00 1.596052210780638525e+00 7.872465684363681993e-01
-4.629951453362366465e-01 1.755312039857623407e+00 1.821864983663347370e+00
-2.608761443078861930e-01 1.924650605048564556e+00 8.363710154126313689e-01
1.827734677963066101e+00 2.142935184650515801e+00 8.841660924035796842e-01
-1.861616431632185709e+00 2.081140336538117808e+00 1.531242277792385309e+00
-3.776265199353190383e-02 2.803294319824801928e+00 1.272552307551302331e+00
9.457444197262434571e-01 2.648756410280200591e+00 1.019620398806225792e+00
-1.438723033170319354e+00 -2.343576224600766977e+00 2.244791235877532820e+00
-4.888189418197441682e-01 -2.696831078485587341e+00 2.370372706828112630e+00
5.119004760316107072e-01 -2.684412579273825372e+00 2.474069814459068706e+00
1.135277817265711864e+00 -2.541572717689902561e+00 1.702871891074408062e+00
-2.189103620230582692e+00 -1.675167472948587033e+00 2.150448554917683719e+00
-5.508815896534571266e-01 -1.697438421075261772e+00 1.273018407981599376e+00
1.083321476511388132e-01 -2.788660491085906301e+00 1.562437950830630529e+00
7.195742862319671751e-01 -1.814755181514058791e+00 1.149115443663900615e+00
1.968034983570795760e+00 -1.969650618266911124e+00 1.688536424129303715e+00
-2.670204013864307058e+00 -7.099776933248733712e-01 2.052841396355566950e+00
-1.755622118773999318e+00 -5.558563126422058076e-01 2.504685088221301204e+00
-4.710004011061386109e-01 -1.010863417742186243e+00 2.057007115781340989e+00
4.898766148686790056e-01 -8.007601468727614247e-01 1.818207759096080345e+00
1.677390803974307731e+00 -5.226274249809534922e-01 2.261921899672735048e+00
2.537335263071601510e+00 -1.142290675809860545e+00 1.721509945500419692e+00
-2.694183285725458177e+00 -1.401913896973780993e-01 2.881381779374174723e+00
-1.803885442332727962e+00 4.399912205138099552e-01 2.259392906685973923e+00
-9.791557217304784899e-01 -1.517675314360786842e-01 1.941459471726671548e+00
4.449534143592928648e-02 -1.726391782206349035e-02 2.449243238570417258e+00
-4.223443802949589099e-02 1.029860217685836243e+00 1.236781154638692204e+00
1.900958475786922675e+00 -1.687919882627682000e-01 1.274400212935743681e+00
2.774100104922708532e+00 -1.642196336766517106e-01 1.787965788716529447e+00
-2.568371757167156488e+00 8.518930236523956090e-01 2.792314163069227639e+00
-2.476912329297050519e+00 1.253449340347761121e+00 1.839820300171834511e+00
-5.784731265000573330e-01 7.606498605717196826e-01 2.062112975602147014e+00
4.770593849104575734e-01 8.072112229279019280e-01 2.075150785095245975e+00
2.201821108151670092e+00 1.703053403057430026e+00 1.703039624365644489e+00
2.647349044994733447e+00 8.254032990040368611e-01 1.890588718626508680e+00
-2.095359119955887195e+00 1.729948248540529976e+00 2.663861646006073336e+00
-1.384531702794291164e+00 1.368708568055724495e+00 2.054733625478534442e+00
3.542207905549004665e-01 1.798036761510207748e+00 2.484964105811819479e+00
1.460541127969288588e+00 2.360484705402674521e+00 1.843464949176203627e+00
1.998966866372450468e+00 1.839340014545303825e+00 2.672921129947593233e+00
-1.379831393328814215e+00 2.367820598401781496e+00 2.373587016567083374e+00
-4.460797018299018646e-01 2.711485625556272261e+00 2.273106290586175859e+00
5.503564289704170331e-01 2.705846288102363939e+00 2.079436509595678384e+00
1.191871333174253422e+00 2.427952372469134978e+00 2.806148624663611812e+00
-1.052620672407996949e+00 -2.454199821731648967e+00 3.161250268309873768e+00
-7.311396417092907996e-02 -2.655608016196339349e+00 3.292109030418553850e+00
1.452707308639796580e+00 -2.300378041220540126e+00 2.622895353137182362e+00
-2.433091272294944929e+00 -1.146369353578691630e+00 2.968175905197040887e+00
-1.850999340208744570e+00 -1.882557478969772546e+00 3.441246077165347916e+00
1.811459006149456485e-01 -1.818741883130712722e+00 1.997644964104209331e+00
6.310359224814421353e-01 -1.801742368516570991e+00 2.946336631264816486e+00
1.204723911411038406e+00 -1.442650780335085869e+00 2.168764513860161003e+00
2.191985642829478387e+00 -1.613996969039632745e+00 2.606002642589567930e+00
-1.725723203917667092e+00 1.437179725889947135e-01 3.244734099915437042e+00
-1.292476723620310963e+00 -1.435072422240253331e+00 2.651227551355564316e+00
3.871751281815600243e-01 -8.109965656560547131e-01 2.956600968156606335e+00
9.321448684933140161e-01 3.587875612162632066e-01 2.857801520360849334e+00
2.626043096380723973e+00 -7.116315280880769478e-01 2.621976486799094008e+00
-2.573763502839952366e+00 4.303950524063867578e-01 3.699852289182047560e+00
-1.394617372592833249e+00 1.123267234571663220e+00 3.075638841063757845e+00
-6.277597038237843208e-01 -6.982094791346611373e-01 3.008646812772722612e+00
6.404652516123487960e-02 9.390487736955047682e-01 2.976338240006271896e+00
1.800432690550400006e+00 5.150374361291848446e-01 2.362184375911162704e+00
2.693631046510379434e+00 2.847914962892778012e-01 2.762328162944422072e+00
-2.235880959251133504e+00 1.371546667866375246e+00 3.588207051634632272e+00
-6.639942302522570117e-01 1.783623242554584820e+00 2.823541264306493215e+00
-7.597655927352633398e-01 3.179324523344558284e-01 2.959506255506787920e+00
1.317735360108658327e+00 1.364861617466727628e+00 2.028367974449286404e+00
2.410540014933368003e+00 1.128785272437641263e+00 3.244192284867038367e+00
-1.569669188689772454e+00 2.122373388352244650e+00 3.444403871146878071e+00
-6.562341048370541330e-01 2.553674954774573180e+00 3.471693429471665482e+00
1.108549240732321861e+00 1.396551254653125351e+00 3.017740285403664569e+00
1.810963771192459770e+00 1.885922319683067450e+00 3.658017116887298581e+00
2.370722672936726172e-01 2.672470897371259646e+00 3.036662951145473244e+00
-5.455852004340613348e-01 -2.481196851006473025e+00 4.215889239818765510e+00
8.774006895468748901e-01 -2.462959796292821579e+00 3.658450321890977630e+00
-2.138188783226794953e+00 -1.362549885630073732e+00 4.250640683825841926e+00
-9.070536094811814110e-01 -1.580884078738804988e+00 3.668488438037126986e+00
1.275362379080507702e-01 -1.817167585023767629e+00 3.875187574430734028e+00
9.780391075145778990e-01 -1.298620540651882038e+00 4.026143813621539280e+00
1.748870202501680682e+00 -1.960692499550873436e+00 3.551919495291141260e+00
-2.535401607599240492e+00 -5.705398787749373923e-01 3.785382854500589644e+00
-1.592494589082704692e+00 -8.618462694367821086e-01 3.518304653271288274e+00
-3.665925972428141222e-01 -1.777929289125538048e+00 2.849305490185230383e+00
-2.202235591526573444e-01 -8.628270302667431224e-01 3.907180191077466613e+00
1.373619773942790889e+00 -1.123580400686236658e+00 3.121452640533272316e+00
2.363026248456877365e+00 -1.163221887452792203e+00 3.496299434462709854e+00
-2.030158795528151927e+00 -6.316123012140906212e-03 4.466333685591283853e+00
-9.412137930148958276e-01 -1.679962136876298473e-01 3.839697081572762904e+00
6.711156646525136271e-02 8.627888020586744339e-04 3.457882992686451828e+00
1.000743097708679530e+00 -3.439594874516131995e-01 3.633512442254628549e+00
1.940480673470499129e+00 -2.950645651887526810e-01 3.235186731846039887e+00
-2.305425595160940588e+00 9.575036074512471851e-01 4.508548997796455460e+00
-1.414064759474271682e+00 7.021013095702079987e-01 4.022731919751687535e+00
-3.899465054377913020e-01 6.512197420925986968e-01 4.082314519062837377e+00
5.794559584386528295e-01 4.331670004492851334e-01 4.259477313196258663e+00
1.611218278738382192e+00 5.905026415621755786e-01 3.623837570739895320e+00
2.577496857363809291e+00 3.146713439554928993e-01 3.802462860316974336e+00
-1.761944591078858480e+00 1.797290880951448511e+00 4.375450236227072409e+00
-8.388839367684113313e-01 1.535162079029750881e+00 3.799124648381076330e+00
2.174619905143320431e-01 1.749749176567126474e+00 3.546419199608931372e+00
1.010957250204213453e+00 1.399914835832549498e+00 4.054590085703707381e+00
2.249351220842789711e+00 1.169541862738963101e+00 4.251979656136262165e+00
3.814133162237976632e-02 2.538620340301920297e+00 4.226714550184122565e+00
9.557807808234222158e-01 2.417005556042163494e+00 3.782881856898121953e+00
-1.436884821346140484e+00 -2.061860224356792060e+00 4.400053310553481367e+00
3.125919440382008974e-01 -2.436646382838787872e+00 4.752756381057300139e+00
1.287147354177366587e+00 -2.134762976446666016e+00 4.531221454883495703e+00
-1.795815867405934796e+00 -1.559654782821709773e+00 5.189054727787540955e+00
-5.643352193094557379e-01 -1.558027153246868579e+00 4.635490804274530419e+00
3.948704864902555234e-01 -1.431156014580935221e+00 5.036134257922046942e+00
1.775022745680076008e+00 -1.534057948633972046e+00 5.356246645336566914e+00
-2.281366225125452729e+00 -6.829312772116793440e-01 5.174024697494115088e+00
-1.287136433908202093e+00 -8.774754828640851656e-01 4.471595903465906297e+00
-4.032304867850626806e-01 -6.215882786408144511e-01 4.951121215024308242e+00
2.040352874048945608e+00 -1.469242180470047288e+00 4.392466449091643632e+00
2.262642126992339353e+00 -6.626102058157954389e-01 5.297398217999813141e+00
-2.312479742818695172e+00 3.917324320271163840e-01 5.359488588474324189e+00
-1.094632075033828755e+00 1.058081857027003830e-01 4.807442414224326832e+00
-1.613487734704079912e-01 4.356803712237097836e-01 5.060222011875473491e+00
5.050059081411513162e-01 -5.403338207233474577e-01 4.536283743885100250e+00
1.506041908051678035e+00 -6.182498131406646280e-01 4.555852886186753992e+00
2.468426982330764297e+00 -5.567603445431359432e-01 4.284687447957582940e+00
-1.903126756310939527e+00 1.384095166525280529e+00 5.320117916978182926e+00
-9.916238172570217557e-01 1.285644862054027726e+00 4.764991905952822293e+00
9.281390166062247760e-02 1.441219830529728130e+00 4.507197250558994561e+00
1.511934422693315572e+00 6.026546492712181458e-01 4.664262561632478210e+00
2.416921676524338647e+00 2.499146036359115031e-01 4.908563617932544254e+00
-9.107673249307310925e-01 2.331390616596696663e+00 4.466195049870370859e+00
-2.177432100755538613e-01 2.368235500935893967e+00 5.190745811990628233e+00
7.946273155319356629e-01 2.307619669078849078e+00 4.846633246540230644e+00
1.671581623680369777e+00 1.792830859698648416e+00 4.784733083699602041e+00
-9.863735477670019236e-01 -2.129650488648522355e+00 5.351624694242341995e+00
-3.282617653412955860e-02 -2.277953137047333598e+00 5.682972514517637741e+00
9.665146271351497953e-01 -2.099348491631502611e+00 5.527924549100027285e+00
-1.256744241439093912e+00 -6.020570482218516872e-01 5.506217712343769222e+00
-5.807794161032830971e-01 3.332297451935051918e-02 5.904057397870106527e+00
2.559600966888630480e-01 -5.124666283420538093e-01 5.796456757285274541e+00
1.258588276312379239e+00 -6.480199347993789161e-01 5.611326416543676920e+00
-2.020970115017107105e+00 7.017458076538914957e-01 6.272493365767833673e+00
-1.111920013509816840e+00 8.558621694673297364e-01 5.692677524395655553e+00
2.628386048078817927e-01 5.694826174786659090e-01 6.016188399316243718e+00
7.870951109339638929e-01 1.511687947214004346e-01 5.224575421287147137e+00
2.217925666597000856e+00 2.174061640269072671e-01 5.904787206278913736e+00
-1.390144113835560802e+00 1.609841815564677869e+00 6.320568025326379846e+00
-1.093275756341682836e-01 1.364651189420438060e+00 5.531817915944055031e+00
8.182619460878430839e-01 1.198660541540214730e+00 5.171225641733142808e+00
2.080470724694325035e+00 1.082671820882996405e+00 5.359998581593034217e+00
-1.143494745214397312e+00 2.035559466267080619e+00 5.412744782356642581e+00
4.855776085121683017e-01 2.176683502826938899e+00 5.897696438040217259e+00
1.432033451148088554e+00 1.739495144984328334e+00 5.796658771636262308e+00
-1.074468174943774557e-01 -2.032609890507728778e+00 6.657921615145943051e+00
-1.795425278189128449e+00 -1.224421554865443795e+00 6.137321748651168640e+00
-4.386993026118943817e-01 -1.307748470934370744e+00 5.681609471624822660e+00
4.855817061007520197e-01 -1.434369256860250630e+00 6.113707682212482730e+00
1.475661569441450549e+00 -1.531578015729408548e+00 6.321272846207956597e+00
-2.164846552287528425e+00 -2.952976440483041642e-01 6.089381072535703154e+00
-9.190823334548099410e-01 -7.425398734755077612e-01 6.453783767341787936e+00
-6.136399597414765594e-02 -1.028529674713709596e+00 6.908419297252343050e+00
8.549407465086877878e-01 -6.345164764731094920e-01 6.590742324229267091e+00
2.016239699860834289e+00 -6.802959520653928394e-01 6.316982632880947968e+00
-9.561184289873665421e-01 2.356541624772574561e-01 6.817070714770657958e+00
3.226677319232788138e-02 -9.452372062966674093e-03 6.801173390387408091e+00
9.653109675467079764e-01 3.781294766800224472e-01 6.800075904796532456e+00
1.312524231539428321e+00 6.911390102135007707e-01 5.893961669721076824e+00
-1.596292377244949989e+00 1.019960024458429926e+00 7.120416307698760328e+00
-4.851306990574641986e-01 1.080763558979153549e+00 6.441802181217532564e+00
2.060149356104450102e-01 9.376437073774420705e-01 7.157732717163526992e+00
7.374055474445525560e-01 1.362469263451958623e+00 6.420959255593132298e+00
1.677215961198195604e+00 1.119837730701030987e+00 6.723143013270754587e+00
-4.996863876080936961e-01 2.094694830101924587e+00 6.216677889778219779e+00
1.231046412503840753e-01 1.931273175797426411e+00 6.992999763855894280e+00
-1.039741642806532695e+00 -1.851978229659920316e+00 6.332557474409021836e+00
3.526041048803944117e-02 -1.690415673222403825e+00 7.686687504625922429e+00
8.135651287515699437e-01 -1.736451951197125254e+00 7.048500291432596043e+00
-1.654035644933969706e+00 -9.320703394547535936e-01 7.107397493785014397e+00
-9.081246524556974009e-01 -1.585808540283395018e+00 7.318560558854788844e+00
9.616175333095913214e-01 -1.269811863267847230e+00 7.923436935340592235e+00
1.584672366372151364e+00 -9.997883447368991483e-01 7.182836829147240643e+00
-1.929346464098287584e+00 3.056762812951788894e-02 7.010775109917403825e+00
-7.988286463308611474e-01 -5.520205318381101733e-01 7.492808445059275790e+00
1.421386944369386618e-01 -6.841478253986679192e-01 7.832014592568014244e+00
1.584065780991865235e+00 -2.815886648008927295e-01 7.886052696946641127e+00
1.953970108629332625e+00 1.354198253479609038e-01 6.917530054082175361e+00
-1.569378657518001319e+00 3.464192022246402880e-01 7.890138460615775173e+00
-4.411520670210933304e-01 3.690973428242039778e-01 7.736781773022253894e+00
6.499664769395911978e-01 1.896780602689226158e-01 7.747161579248694530e+00
1.554454046452323324e+00 6.926092137726316267e-01 7.658775822592085447e+00
-8.298184098544680865e-01 1.673058382133273181e+00 7.201240391823117371e+00
-1.090625976007970621e-01 1.591919280631144851e+00 7.916926286230926202e+00
1.003383129703615761e+00 1.495870357282478302e+00 7.392826618919287718e+00
-6.886208283392392104e-01 -1.260361311236863457e+00 8.260278574137807084e+00
1.999187338391733293e-01 -1.163909264731771032e+00 8.712546669710668823e+00
-1.282801691789586584e+00 -4.660712464404781485e-01 8.398167854494626994e+00
1.160940232131780006e-02 -7.574277175265820006e-03 8.557124554576979847e+00
1.035310265447325850e+00 -6.143863316754902826e-01 8.676408547218063205e+00
-1.065158082218090385e+00 4.505364098609861423e-01 8.750125221501313888e+00
-3.898865409941265625e-01 2.456312869759446349e-01 9.460122321519991218e+00
4.882653612399591725e-01 6.435578644800902248e-01 9.188875564304931132e+00
1.221098478512026464e+00 3.664933559173874644e-01 8.559036169777400005e+00
-1.004997677371918030e+00 1.163794063983929039e+00 8.047682787629408807e+00
-3.013544701630053169e-01 1.101843100478101301e+00 8.771549902311701175e+00
7.132435190240995482e-01 1.202571427130854298e+00 8.334926711862465254e+00
-5.802136534934305701e-01 -6.725549756914688260e-01 9.103188753105404984e+00
3.607992792987043673e-01 -4.171917504041147140e-01 9.404155350064945296e+00
