6.841283969723285230e-01 -9.239923619488763507e-01 -6.741308606101370060e+00
-6.972430287144106842e-01 6.996754589171515215e-02 -7.024475250548206873e+00
2.847778547270619631e-01 -6.575804597065371127e-02 -7.158668252992384851e+00
1.185118164747835046e+00 -5.640673004258189849e-02 -6.711343663260180392e+00
-6.038356122599850551e-01 1.016413580389827764e+00 -6.714829482838609920e+00
3.812691511091996777e-01 8.888207591709695876e-01 -6.874471853469984239e+00
-1.689216271852018281e+00 -1.179839284312905079e+00 -5.632635273873688675e+00
-9.516184118997728092e-01 -1.281255234560177314e+00 -6.300420239121919508e+00
1.111637421545767865e-03 -1.585370554476128291e+00 -6.312994432782787158e+00
9.529521924176949099e-01 -1.551826583444764651e+00 -6.007210653492521146e+00
-1.981513892853371317e+00 -6.744885186051874371e-03 -5.763990674706647610e+00
-1.388616615014541367e+00 -3.955553772322559780e-01 -6.470346550148221354e+00
4.834548650888329663e-02 -6.175220838274668722e-01 -5.995794231667673557e+00
1.564725074511738034e+00 -7.677914263799294758e-01 -6.114980316630678203e+00
2.151821687413683293e+00 -5.699177167620064210e-01 -5.328853362035999908e+00
-1.435159430254714152e+00 5.965466306445177391e-01 -6.349250680402121816e+00
-5.656761962094094542e-01 1.768944584316432533e-01 -6.025721517449923681e+00
4.792118518559498885e-01 2.891846477365074830e-01 -6.075231092681619316e+00
1.839621592816821583e+00 1.827370841843040106e-01 -5.967510132092215258e+00
-1.110571717295769645e+00 1.467305227100932363e+00 -5.979783544567169429e+00
6.079060825354720698e-02 1.620169514571461855e+00 -6.270019951193972929e+00
1.249110727596697057e+00 8.837772831689504338e-01 -6.376615892980041167e+00
-4.701866192157524438e-01 2.080401758990178429e+00 -5.504701377300250442e+00
9.832701492111689534e-01 1.675457303798504105e+00 -5.825714156976005142e+00
-6.983436768650790327e-01 -1.962132590648465680e+00 -5.594113896703561295e+00
1.615500762491673403e-01 -1.434118602406556420e+00 -5.336647392488998776e+00
8.741293274766319676e-01 -2.123304672935546478e+00 -5.187238061941613410e+00
-2.280166025355740089e+00 -6.307788836131607013e-01 -5.038326454121104803e+00
-6.902081270060023144e-01 -9.075478428078156412e-01 -5.378665672199019809e+00
8.832646750565996685e-01 -5.015916195560237156e-01 -5.420950030786343632e+00
1.680404109979274585e+00 -1.461361654194547555e+00 -5.327011515546473674e+00
-2.391089546964906276e+00 3.576720486752045791e-01 -4.921399188938096358e+00
-1.172021153484394063e+00 -5.181981579850969410e-02 -5.175975210587154152e+00
1.226090150061690844e-02 2.896075932802524844e-02 -5.217756359578075376e+00
1.081369901860143035e+00 4.715798958433086718e-01 -5.262919283401572557e+00
2.300159564969926240e+00 3.992583471855698507e-01 -5.106277095873707594e+00
-1.882428074246675465e+00 9.704662670790800139e-01 -5.531822401873995432e+00
-6.915726507124446698e-01 8.814652014802194513e-01 -5.246427519291557928e+00
2.720386089955527664e-01 1.119051953239247776e+00 -5.389636173520074180e+00
1.776592232800808135e+00 1.129042089367639612e+00 -5.554814449495452777e+00
-1.493427640770079279e+00 1.791194363713350723e+00 -5.111525678011389573e+00
4.675589960226431141e-01 2.247791533269083875e+00 -5.187844505488072855e+00
1.455061872454755934e+00 1.902158876184488534e+00 -4.973478352262191038e+00
-9.214284270392454346e-01 -2.494518336969335337e+00 -4.297152335664421230e+00
-7.775930859946811324e-02 -2.411088866903924099e+00 -4.933699778163159522e+00
7.441218263017692625e-01 -2.554305863045001956e+00 -4.293579831940050440e+00
-2.256283990161364272e+00 -1.366738678447063648e+00 -4.358332184367625928e+00
-1.550966827234205425e+00 -1.865764858816078231e+00 -4.901655417891035427e+00
-6.393929801149624836e-01 -1.567033261347262396e+00 -4.608544541372708636e+00
9.578262585181182009e-01 -1.230418383726942011e+00 -4.641705201775081946e+00
1.603370536665507995e+00 -2.027431826698716577e+00 -4.505253377553231076e+00
2.260684840928597783e+00 -1.221106014619522284e+00 -4.546450568570591599e+00
-2.684720356079239423e+00 -3.469697894624204082e-01 -4.154775488412440154e+00
-1.393000767946531937e+00 -9.032931412586009401e-01 -4.650416069428118249e+00
-7.108547078659910312e-02 -7.396542423360443763e-01 -4.572748684739480041e+00
1.601722650286315552e+00 -1.274887821687684664e-01 -4.617742906848889106e+00
2.596641966849082106e+00 -2.790626256185504417e-01 -4.432190253680161618e+00
-2.684160380236164656e+00 6.396937457998352894e-01 -3.990124597543200480e+00
-1.616108894274759678e+00 1.829284826106324091e-01 -4.303290430735145833e+00
-6.132996382429638516e-01 1.438457821592615538e-01 -4.365338230512278983e+00
3.326091861763021407e-01 6.105298393099614085e-01 -4.452453775221130172e+00
1.348853566147875993e+00 8.040917875969250117e-01 -4.297495236989078649e+00
2.664068450323864301e+00 6.475389606668755516e-01 -4.046967037487561925e+00
-2.204438559798617803e+00 1.286415844141942877e+00 -4.591320872027438327e+00
-1.197094899543188262e+00 1.115815848760635554e+00 -4.389982502092252048e+00
-2.909621735489054117e-01 1.570332157224925584e+00 -4.630260259191587124e+00
6.858248607516459483e-01 1.546618393936535441e+00 -4.414620614174680213e+00
2.178277417556349960e+00 1.286051083931973871e+00 -4.650013225780412540e+00
-1.786089730015277155e+00 2.055653310771781150e+00 -4.104941400129831663e+00
-8.786158667615495688e-01 2.392504388836339313e+00 -4.600700011447599991e+00
1.054910731321044626e+00 2.464662307355143689e+00 -4.233490598667259519e+00
1.905600109131661002e+00 1.995151025924430943e+00 -3.991289348911109869e+00
6.402815066789761811e-02 2.636899472412651324e+00 -4.359121575986108610e+00
-1.477771663855889983e+00 -2.506559268557680298e+00 -3.452527611219466053e+00
-5.404851889274766563e-01 -2.861429494933403817e+00 -3.443504761392375713e+00
4.892809363366896758e-01 -2.886261947744614531e+00 -3.381626561932634445e+00
1.457060061150812658e+00 -2.475421125755048024e+00 -3.596244803615093133e+00
-2.239608674770565244e+00 -1.846908770936792621e+00 -3.479410571874581137e+00
-1.359055395034815206e+00 -1.573825541890315094e+00 -3.902634921220638375e+00
-7.626414489813271302e-02 -2.079859584041386711e+00 -3.869129238563061790e+00
8.505347257414357376e-01 -1.692079976995046309e+00 -3.749188839023773312e+00
2.191402298647366909e+00 -1.805760377200996913e+00 -3.716695573071589820e+00
-2.755174792470711509e+00 -9.879607018336145074e-01 -3.383603247039971507e+00
-1.843670807240741283e+00 -6.997048192770876085e-01 -3.708609472165335319e+00
-8.097208484482507629e-01 -7.255126143381716020e-01 -3.833570945196257185e+00
1.520183500860874115e-01 -9.729141270287300358e-01 -3.614620724628082371e+00
1.620863349010785104e+00 -9.118466918284298117e-01 -3.831840554758315420e+00
2.690121161796343863e+00 -9.379523329077272820e-01 -3.682775290827720482e+00
-2.982689379175170075e+00 -3.953114335305940585e-02 -3.145771894827689152e+00
-2.024705305530730470e+00 2.148191484766986681e-01 -3.284668516538829408e+00
-1.028355065561129322e+00 2.530374414281299500e-01 -3.433434630369973206e+00
-2.681159138747091220e-02 4.540012022257709778e-02 -3.521979138345585625e+00
7.229899330772476818e-01 -2.586882285738738574e-01 -4.141021260921320390e+00
1.949825867631236775e+00 4.383024027293312697e-02 -3.675539150841146352e+00
2.934632229442743601e+00 -2.171909389188897421e-02 -3.351915719785395709e+00
-2.857054472758207453e+00 9.482891969711982894e-01 -3.020970625662144471e+00
-1.877678129222829284e+00 1.136311843168973823e+00 -3.645554866802939387e+00
-3.720272159347786101e-01 9.616578345974873265e-01 -3.799200845134649285e+00
8.588251863628334482e-01 5.307513215223942371e-01 -3.448176506686948528e+00
1.863977300632865264e+00 1.015884530027463484e+00 -3.422317568633403084e+00
2.825154088522691787e+00 9.784280986372824174e-01 -3.115176923219081573e+00
-2.217270103235989609e+00 1.975380503619523775e+00 -3.204579987406773967e+00
-8.716669444034437220e-01 1.835456014849387696e+00 -3.760335248562128641e+00
1.215508400656267612e-01 1.913976860434822846e+00 -3.652808843405168204e+00
1.056625319826968612e+00 1.608692759676138451e+00 -3.447152342784988832e+00
2.327326270068920788e+00 1.885433702591392979e+00 -3.090621505223978716e+00
-1.420085539752790282e+00 2.575363259445941910e+00 -3.326194107137666833e+00
-4.793921100714868544e-01 2.846113812553639821e+00 -3.544038177076657803e+00
5.202833038558830614e-01 2.856310703040652932e+00 -3.477872106910780303e+00
1.467733774431820182e+00 2.559264177637577298e+00 -3.287219846337279705e+00
-5.646812364922908500e-01 -3.065440417196469980e+00 -2.461424573442741348e+00
4.364681112701060961e-01 -3.095807898835360561e+00 -2.404787803191240414e+00
-2.013544441349935710e+00 -2.342848158852149254e+00 -2.620689027997684661e+00
-1.025788649822459320e+00 -2.186201235155181166e+00 -2.604701711949203968e+00
-4.154049541010351732e-02 -2.254775314767655914e+00 -2.803262501258060979e+00
1.032859508458978004e+00 -2.340460525572169104e+00 -2.697561026108729720e+00
2.034848810517129181e+00 -2.312620661473971495e+00 -2.669011978234834714e+00
-2.665933320877911683e+00 -1.576604666524062281e+00 -2.575926386495950737e+00
-1.566137125207490044e+00 -1.391564466545958112e+00 -2.893007780862049572e+00
-6.079375707489731440e-01 -1.508054100124695651e+00 -3.238104249803058110e+00
5.625534240374288064e-01 -1.428453879804521875e+00 -2.816757070240200278e+00
1.593684706075529700e+00 -1.466228125069079624e+00 -2.984339484869295234e+00
2.634624534158331866e+00 -1.521791731249422241e+00 -2.865475804123462922e+00
-3.066978265711497897e+00 -6.522904146084300692e-01 -2.348214486321325012e+00
-2.050161430399967344e+00 -5.429147041885329372e-01 -2.623244669590150124e+00
-9.954949430217112649e-01 -5.546433294676376136e-01 -2.841725066925150145e+00
2.850161480323195468e-02 -5.842526770951366188e-01 -2.677165530839502594e+00
9.592019654661760875e-01 -5.380505719802073372e-01 -3.045007187017347405e+00
2.149839247493797068e+00 -5.980990159107619775e-01 -2.911471770466960152e+00
3.054932914080008555e+00 -6.721882183892233797e-01 -2.395089671421544608e+00
-2.465067307098607330e+00 3.151576803922896408e-01 -2.320139743517728448e+00
-1.450277475810651140e+00 2.630267122113188472e-01 -2.456527291450413486e+00
-4.328370353992454511e-01 3.218150259962648252e-01 -2.616455425667908230e+00
5.965591019047123966e-01 1.667091650880694886e-01 -2.258441295432291440e+00
1.527718886973905121e+00 2.056454537876127864e-01 -2.638370165251700428e+00
2.517792591173660277e+00 2.583687555148030945e-01 -2.483727250843728029e+00
-2.975743379913964759e+00 1.130768364831055361e+00 -2.024305909280315063e+00
-1.970918867326133750e+00 1.157817163806638128e+00 -2.599879048911063251e+00
-1.056797525751619560e+00 1.191233571624509269e+00 -3.013034858056528265e+00
-1.786545960892738094e-02 1.211760435929007285e+00 -2.891138678484310276e+00
9.783477968064929753e-01 1.049715766097197189e+00 -2.578873880108503158e+00
2.013954482019207237e+00 1.130304435330662383e+00 -2.434643938321414680e+00
2.983371006498130473e+00 1.074954564993670258e+00 -2.112378882954217829e+00
-2.462893392013754124e+00 1.969222963702230711e+00 -2.233679851229879887e+00
-1.466495660101855947e+00 2.023527131362385933e+00 -2.486233166465225963e+00
-5.314927378291685045e-01 2.090467966863480243e+00 -2.849168920411457862e+00
4.693775753486597591e-01 2.135104496624717463e+00 -2.683520574235899403e+00
1.433157214498222087e+00 1.946434394582519323e+00 -2.490200515147520832e+00
2.499091257358567297e+00 1.953918439978755917e+00 -2.104334066015837834e+00
-9.501042344301708908e-01 2.957393605476685838e+00 -2.524413569479364128e+00
4.224916843430190361e-02 3.089420486112031128e+00 -2.617988110517330824e+00
1.022819536295780152e+00 2.941809180553712100e+00 -2.476045493011199028e+00
-1.441216618142647121e+00 -2.846849567365794087e+00 -1.967919626923176679e+00
-5.591700886417925176e-01 -2.354991828684646293e+00 -1.727408192558456790e+00
4.093228936848410937e-01 -2.173858980251964113e+00 -1.910415791236715677e+00
1.286523332567257816e+00 -2.936987600449114666e+00 -1.845634037207844358e+00
-2.440078489274569051e+00 -2.097844858716115368e+00 -1.749190588639947919e+00
-1.205630030384980955e+00 -1.085032796382932929e+00 -2.008057866489494359e+00
-3.056954827645057549e-01 -1.447086509741666305e+00 -2.266318885609379663e+00
1.389261514500706340e+00 -1.783614665488826745e+00 -1.939643798213950276e+00
2.169613127438700051e+00 -2.389542166163252546e+00 -1.663654672281694502e+00
-3.153125560717441545e+00 -8.184046936116828874e-01 -1.361432770961243932e+00
-2.191766989778315633e+00 -1.120701907896346938e+00 -1.818033830520491279e+00
-3.554663867358698326e-01 -5.840330607978216904e-01 -1.736736804111899346e+00
5.346982168577666394e-01 -1.041133249088332491e+00 -1.882309057544972575e+00
2.345281424911193291e+00 -1.423265348175362988e+00 -1.905019384137929706e+00
3.110933763363691984e+00 -9.449149445888735954e-01 -1.430672603941289367e+00
-3.221855765477968703e+00 1.258110681103160877e-01 -1.692949030599379512e+00
-1.581653104583580216e+00 -2.928732773344364659e-01 -1.511487342794666233e+00
-7.891130596243698392e-01 3.176909368131819456e-01 -1.679355021367740619e+00
1.737585415778576392e-01 1.924786448244417136e-01 -1.301479275327835694e+00
1.064665760410192119e+00 -2.691218582547776350e-01 -1.444072009875299045e+00
2.265860885219288967e+00 -4.045366006623680732e-01 -1.766630784729969150e+00
3.213129859936498800e+00 1.215608012776247249e-01 -1.770443734965112981e+00
-2.406664580786994634e+00 1.257729246632971198e-01 -1.108754487139734124e+00
-1.805807623460935929e+00 7.387603991983248131e-01 -1.648552111776297124e+00
-1.023480332554882466e+00 1.254569631758339021e+00 -2.002041825545745724e+00
7.603725241966842810e-03 9.754931690136279254e-01 -1.915352289194018454e+00
1.348068774628417232e+00 7.097421239219772193e-01 -1.703158751256069081e+00
2.341829715993302585e+00 5.768915272184483856e-01 -1.524108697571037396e+00
-1.757444685477850044e+00 1.770598715657310418e+00 -1.526277811191761202e+00
-7.251226820092000480e-01 2.215371323391994274e+00 -1.828055393595548139e+00
2.241950617866131368e-01 2.553602605892204558e+00 -1.791219314106854199e+00
7.251165065894972228e-01 1.670190549241431954e+00 -1.814820963004521559e+00
1.691754399707502410e+00 1.664326986565584754e+00 -1.501409797863828999e+00
-1.653990805075309822e+00 2.751334045251997207e+00 -1.814248038358655890e+00
-7.591536880374292195e-01 3.156577200452522103e+00 -1.479833286224490507e+00
1.006405513853400491e+00 3.090763594594074792e+00 -1.439023443421092452e+00
1.813859916973616482e+00 2.642041857108426761e+00 -1.859026196361440952e+00
-9.763163164770531921e-01 -3.128001783318552498e+00 -1.124329940163022457e+00
-7.505771203729239005e-02 -3.238691339329491825e+00 -1.550345675421411329e+00
7.578937161022368807e-01 -3.198256735823008512e+00 -9.777714737223703878e-01
1.693861576626312093e+00 -2.822471002603251122e+00 -8.970252158963205602e-01
-1.877048356366017856e+00 -2.694811235773542535e+00 -1.019881304456603743e+00
-9.569457883697225498e-01 -2.177251680728701899e+00 -6.543165186134842770e-01
8.591824078322217451e-02 -2.424256985267376763e+00 -9.480667619380085398e-01
9.360198590088648629e-01 -2.374790967018185484e+00 -4.214148599071165791e-01
2.348907095872835527e+00 -2.339247033327566783e+00 -2.869893266834537826e-01
-2.806906948736042295e+00 -1.720359455382748592e+00 -8.895295207470468313e-01
-1.464755255788361410e+00 -1.930835246819341933e+00 -1.536357833834415487e+00
-3.350905687420322465e-01 -1.455308506697008397e+00 -1.214101000139919506e+00
7.148130901435695295e-01 -1.652158005766239057e+00 -1.092905051274215111e+00
1.711417972937296472e+00 -1.822031710619469891e+00 -9.656178281254881313e-01
2.732476094727079197e+00 -1.817911100651699030e+00 -1.051811236388147108e+00
-3.172731919182652405e+00 -9.557678248006595823e-01 -3.577367885479389997e-01
-2.282030377277635580e+00 -8.476556306498395088e-01 -8.523387028684936695e-01
-1.303599552317137977e+00 -1.118118207487768245e+00 -9.762346548695717274e-01
3.202844377207929583e-01 -7.315922156366667650e-01 -9.171536660422390241e-01
1.452190012093311777e+00 -8.126594500615169636e-01 -2.208832017114133350e+00
2.273965263110196755e+00 -9.484097944550171633e-01 -8.664086786059783662e-01
3.139849522310453445e+00 -1.057311633872160428e+00 -3.779370901922618486e-01
-3.302712956933703481e+00 -1.147937313672287019e-02 -6.814210733111707441e-01
-2.428796862933680245e+00 3.024852213080337499e-02 -1.048980416908591451e-01
-1.334920170745675705e+00 4.130973651315920092e-01 -8.237076941133238961e-01
-3.471567493348572953e-01 7.262448296047016028e-01 -6.264742908915650332e-01
8.829511528761007089e-01 1.380511400064128313e-01 -5.451791408996342625e-01
1.863901976390571980e+00 -3.412222930620600891e-02 -8.882181662698798164e-01
2.604618126096339470e+00 4.255137956657193410e-01 -3.709434736748846717e-01
3.292460152681119467e+00 -1.610246800639885123e-01 -8.127241080028824172e-01
-3.153670670651109731e+00 9.122431128714916237e-01 -1.036997527069942748e+00
-2.176564181373166207e+00 1.076482592690481743e+00 -7.819244714856523615e-01
-1.039996173519739386e+00 1.369105189025307645e+00 -9.532579710186013244e-01
-5.063214257825165987e-02 1.730031694102758033e+00 -1.178862298791059970e+00
6.809779231133463728e-01 1.041102148917293579e+00 -9.912605236369103068e-01
1.750049870046293643e+00 9.559060429748057475e-01 -7.848115152620067647e-01
3.144751550384699890e+00 9.396646965182789968e-01 -1.049122616966442934e+00
-2.732850687531652056e+00 1.785160694190111919e+00 -1.284652171628678730e+00
-1.735950935501904269e+00 1.849637311388816929e+00 -3.078922836855468859e-01
-1.107308236979434923e+00 2.367840018095764165e+00 -8.918993481471915175e-01
9.603818396431245130e-01 2.153945199940435096e+00 -9.635357203513308377e-01
1.865508210587729865e+00 1.896010127220665087e+00 -3.701329003832256603e-01
2.500945511176853042e+00 2.118433787852758154e+00 -1.114073045152593977e+00
-2.116860918407283521e+00 2.516648999990795055e+00 -9.500790609618974258e-01
-7.841988142747027268e-01 3.216467880023592851e+00 -4.664041008039561120e-01
1.172635085238931119e-01 3.282991750471190961e+00 -1.004898451766521816e+00
9.731808061402890120e-01 3.165528490408805684e+00 -4.296416353419800771e-01
1.782081963851348760e+00 2.769763188314742663e+00 -8.653818550387910591e-01
-2.260070359308627985e-01 -3.303026231840178184e+00 4.642560755464291145e-01
-1.046836692915746880e+00 -3.147672488761656950e+00 -1.241426300169194974e-01
-1.460774071896366877e-01 -3.305307616142599159e+00 -5.332353194402514873e-01
6.787820029240555497e-01 -3.247467735025992397e+00 3.133551247927918865e-02
1.612744323107433209e+00 -2.898855950406556303e+00 1.123996166308188216e-01
-2.672602410230467740e+00 -1.965354131383136860e+00 8.592982878324711971e-02
-1.879268906538811734e+00 -1.799683841814072593e+00 -5.094709648912356670e-01
-1.134540491485978464e+00 -1.346561905201198783e+00 3.847401405761975528e-03
6.089810274222519360e-02 -2.104649533576221643e+00 4.553518742199839930e-02
8.963410681822312487e-01 -1.496046740227114924e+00 8.331898456124482710e-02
1.903542894663427631e+00 -1.414638236130599580e+00 -4.480872514271538876e-02
2.845714099261319685e+00 -1.698617818120425227e+00 3.327739003439162957e-01
-2.216706529736626408e+00 -1.035160398830228701e+00 1.315315326194001211e-01
-1.525997052788596875e+00 -4.204650237485765274e-01 -2.902197819330751827e-01
-6.601484433916340322e-01 -3.280259341153310970e-01 -8.150123649258631531e-01
-9.200595669422284573e-02 -1.110493551296130477e+00 -7.346176914020929871e-02
1.283711640037353385e+00 -8.509092537205305007e-01 -6.450715477059247860e-01
2.364281973362796663e+00 -5.285184138849103874e-01 9.569640772554371955e-02
-3.307648900126935132e+00 -2.157895757240027024e-01 3.054749675630115124e-01
-1.724998176943500994e+00 8.961524944081901423e-03 6.754029879427803085e-01
-8.189572055521665561e-01 -5.796275228540821445e-01 5.946794382525911749e-01
2.204932784043612745e-02 -9.134573470902296322e-02 -2.580284677792121784e-02
1.369508163132050260e+00 -6.359956778496211882e-01 3.492539336965118091e-01
1.678721314554303401e+00 2.897216030406737919e-01 4.222206192469564467e-02
3.316439072281832878e+00 -1.728690342730487828e-02 1.929175444024817943e-01
-3.224931355800961796e+00 7.788240062153953813e-01 -3.467633405423953263e-02
-1.903862927089505774e+00 8.857118042670129032e-01 2.139058010042591829e-01
-9.037172193457934100e-01 2.874223897795151750e-01 9.426013507815397818e-02
-9.715831077031111818e-02 8.368153776958073831e-01 3.728205857795008904e-01
2.195711549569245857e+00 1.135156054245979762e+00 2.031535799784581486e-01
3.169495798716220225e+00 9.628597189119268984e-01 4.005190629851639317e-01
-2.853814427703809997e+00 1.686428041395246380e+00 -2.962208422610359548e-01
-2.376509074495970708e+00 2.310117276963266075e+00 3.253886186855054485e-01
-9.872405556526047121e-01 1.284043076110739978e+00 6.203770944290408484e-02
2.818424327299296483e-01 1.574671417984622623e+00 -2.265369622555084561e-01
1.194176462244147086e+00 1.222204835941633538e+00 3.845174877126348797e-03
2.624768875720587147e+00 2.012530431101271944e+00 5.619397699399379942e-01
2.893993935805238227e+00 1.614961358313749651e+00 -3.334852994952939298e-01
-1.671194515979962603e+00 2.865484369829717437e+00 -1.206822816040187263e-01
-1.301434328255481887e-01 2.454728503526364403e+00 -4.815894609481290445e-01
9.543788958035601677e-01 2.288533129687776668e+00 6.041809915690637967e-02
1.839931229113895395e+00 2.758612143892430701e+00 2.344618487997494061e-01
8.748022999908698638e-02 3.316510057553350599e+00 2.300651476059578995e-02
-1.101470253108416841e+00 -3.101214628511897331e+00 9.093562639159012972e-01
-3.350989914177802120e-01 -3.218760239406194046e+00 1.583349311122692393e+00
5.607263425110403654e-01 -3.230907718331138767e+00 1.091329048782985423e+00
1.522426777544701570e+00 -2.893762141339550453e+00 1.216420322166080314e+00
-1.938513751830768683e+00 -2.692398765119705217e+00 2.678263321733411612e-02
-8.885780533509262114e-01 -2.265392788904406984e+00 3.411908260625229339e-01
-1.075523707468306611e-01 -2.429603052963443588e+00 9.884250946205678234e-01
9.094068652394519114e-01 -2.376192000658789993e+00 5.974406642762535302e-01
2.253942470678091503e+00 -2.412466054443797248e+00 7.077337309458880954e-01
-2.657240248022304741e+00 -1.921367766461031579e+00 1.092594582540876269e+00
-1.773693604550643954e+00 -1.860718827576903323e+00 5.925370005950615360e-01
-4.524682855914079482e-01 -1.449455871595972667e+00 9.418903519667168878e-01
5.493080056883422602e-01 -1.523441364258303565e+00 1.098433378172360309e+00
1.537818962713120685e+00 -1.635239536175149055e+00 8.854818072011165775e-01
2.826787671787897249e+00 -1.622990164326807871e+00 1.339117905924839480e+00
-3.098003417357844569e+00 -1.151641260881618223e+00 6.243837941396745972e-01
-2.602870166750250291e+00 -3.668800803998948368e-01 1.010596082767443837e+00
-1.661964511306734948e+00 -9.439776913238375755e-01 1.009699150668933676e+00
4.407869235006162123e-01 -5.618398118274825492e-01 7.724653408089552364e-01
1.203586358384773458e+00 -8.186647797298860496e-01 1.375541630530323856e+00
2.220629082229526485e+00 -8.907870135131759071e-01 1.017214481322604058e+00
3.187679604208860873e+00 -8.518435466903042652e-01 7.505820812229480055e-01
-3.242372519733081049e+00 5.476315234836065526e-01 9.543622026181736162e-01
-2.694687656958990374e+00 1.335322766705657305e+00 6.351008066446568456e-01
-1.061022167980851805e+00 7.641101436458674900e-01 1.180595605239977974e+00
-2.343852511405088990e-01 1.614298062279483359e-01 1.126868628671939820e+00
7.913459804232245709e-01 3.917973446897168865e-01 5.016619816444326529e-01
1.550517786094124384e+00 7.587245411437980314e-02 1.072433996591140914e+00
2.450446721756139645e+00 2.998986342030500740e-01 6.924712609594623203e-01
3.270615419264681467e+00 3.766280252652356303e-02 1.203453905972086346e+00
-2.982032323917522376e+00 1.240188346804585118e+00 1.644588687643540048e+00
-1.791954105715220180e+00 1.411432579240491147e+00 1.671027615283723788e+00
-4.563087540892496463e-01 1.613650818680610444e+00 9.230257079509935902e-01
5.647466513567170887e-01 1.508075432035455021e+00 7.379168049218418624e-01
1.109706060505041059e+00 9.499906224251979392e-01 1.398502740493015706e+00
2.103026513703242451e+00 1.139974545161294150e+00 1.226475226616808856e+00
3.085413094026192571e+00 1.035676395892433543e+00 1.394768969970995753e+00
-2.523744522555304570e+00 2.068473220442978544e+00 1.298119396445146956e+00
-1.643511762685406552e+00 1.722586169488315555e+00 7.172040853762040591e-01
-8.733600030910650958e-01 2.285439188549876821e+00 1.665143560322153715e-01
9.170154771828343820e-01 2.336505412594542364e+00 1.211968865938567896e+00
1.626703704294022668e+00 1.831393443626706974e+00 6.759048416177791951e-01
2.601661424949984536e+00 1.919809097175834589e+00 1.610399314704629825e+00
-1.669805841469894858e+00 2.837578146517888200e+00 8.849340271177381645e-01
-7.962633074899656549e-01 3.211048107004307095e+00 5.399200615585107998e-01
7.604330994046820669e-02 3.282837591916712316e+00 1.025649872546145147e+00
9.733887352234451562e-01 3.159627720086902070e+00 5.982031037761277315e-01
1.978902419325805573e+00 2.602195015720017324e+00 1.224433230829296892e+00
-1.241268633411067412e+00 -2.946545829146572260e+00 1.918143740260264352e+00
-1.042473622632641650e+00 -2.163522847010057149e+00 1.327884929837756189e+00
7.482883751908195880e-01 -2.376298831198255357e+00 1.590052288203187780e+00
1.453921912972638841e+00 -2.801088202510797487e+00 2.216479633707864050e+00
-1.938059483800174121e+00 -2.631962446598748784e+00 1.232421218543003238e+00
-1.065105018990252006e+00 -1.195945472103971952e+00 1.775162809439023937e+00
-1.367710216074584650e-01 -2.051934417644417863e+00 1.932921265083604290e+00
1.451536839838633908e+00 -1.718255321090737198e+00 1.880808252167319061e+00
2.217627889513440476e+00 -2.338693554154517074e+00 1.705132987611213347e+00
-3.040248394949870203e+00 -1.096769603942334470e+00 1.622419011344704343e+00
-1.919104553357470877e+00 -1.717182227112289183e+00 1.743782097291054711e+00
-1.607362814575736820e-01 -6.933785508773411266e-01 1.685838995704207255e+00
5.340602961577370911e-01 -1.292233218341181100e+00 2.087730087210464269e+00
2.093288699578045531e+00 -9.602128864221697313e-01 2.056704174357330661e+00
3.108961209935965808e+00 -7.926951134281239320e-01 1.829081981275985536e+00
-3.213579403611774410e+00 -2.724315069305305315e-02 1.785166885507897705e+00
-1.935810454810592773e+00 -7.414152634128328145e-01 1.974306047589871937e+00
-1.144720103416773327e+00 -2.372208730316316405e-01 1.499711113497077530e+00
-1.961016131464674572e-01 4.128590751889371635e-01 2.109513548306530595e+00
6.705589653655221749e-01 5.024673160818123735e-02 1.759607354653266453e+00
1.204783945391998179e+00 -5.423141212480544482e-01 2.401003600077491473e+00
3.142487404691138853e+00 3.796171563196403254e-01 2.152753507959086043e+00
-2.283841596818973585e+00 6.445288448428329042e-01 1.230130578470584268e+00
-1.196177528790258293e+00 4.908228488412572088e-01 2.184860930359078246e+00
2.403846240763218567e-01 1.355368492535074409e+00 1.714522401286292963e+00
9.328932685759856458e-01 1.141987401358263821e+00 2.415169095576398473e+00
1.802805423377019656e+00 6.594043899602818337e-01 2.075780490685272817e+00
2.374162662259280410e+00 -6.049339201000236699e-02 1.666193843909471894e+00
-1.107037392009530663e+00 2.187269506049464685e+00 1.444496948708827722e+00
-1.144165701733896867e-01 2.388390684028734334e+00 1.507227125376713550e+00
6.155487575083046226e-02 2.397835941357700396e+00 5.089553361201824000e-01
6.333329889515343369e-01 2.189140474889389232e+00 2.164536631578267034e+00
1.549071335905528146e+00 1.777078232051828133e+00 1.889548959396668559e+00
-1.906653633975437856e+00 2.568029543463734132e+00 1.909282313620337623e+00
-7.769422785341788540e-01 3.144974610017500005e+00 1.550710405405901327e+00
7.137612734900560252e-01 3.132149170781500569e+00 1.795681063510115916e+00
1.574558879435340675e+00 2.748223376724098888e+00 2.138929702253058007e+00
-4.508202151055655804e-01 -3.066067957537654820e+00 2.565763225697692995e+00
4.948067479695535953e-01 -3.114964199857723770e+00 2.229313869035263185e+00
-2.004239555368116044e+00 -2.381431867856917961e+00 2.487589921558670536e+00
-1.058365890780564200e+00 -2.054427173494218550e+00 2.333628910480733065e+00
-1.478322342972830938e-01 -2.157100980261148493e+00 2.943763388073818099e+00
8.074143350897932114e-01 -2.124817134125862594e+00 2.604128316749001915e+00
2.159993577544801813e+00 -2.189300019746511339e+00 2.695449118178899539e+00
-2.676982974648822733e+00 -1.613704098259944431e+00 2.408929521616922198e+00
-1.751778216135534194e+00 -1.432144302223122168e+00 2.745202869566178538e+00
-5.226074274333285530e-01 -1.233771413749494172e+00 2.620956225872987932e+00
3.592136526359115956e-01 -1.300883847834882090e+00 3.096622972355760339e+00
1.492920486230557620e+00 -1.399704254492220912e+00 2.862977504244117899e+00
2.741894994107442418e+00 -1.373466606513048305e+00 2.742220034239791993e+00
-3.030253094014810245e+00 -6.773402620264761254e-01 2.531501061006962150e+00
-2.138649917747940776e+00 -4.868638379394099047e-01 2.954147748131899842e+00
-1.180050522586668649e+00 -4.511194304917438558e-01 2.598415178590626429e+00
1.127423574105578946e-01 -4.289862032170219663e-01 2.635038392873210622e+00
8.556446984287686686e-01 -4.617838300540597629e-01 3.344945396834494211e+00
2.057287087470677012e+00 -5.153571024707304105e-01 2.956558540615700892e+00
3.035773037188403745e+00 -4.167732779145438826e-01 2.754827614980612349e+00
-2.254631924836800749e+00 1.998438729974765793e-01 2.127842744788283724e+00
-1.568129308239065267e+00 3.166519760101615955e-01 3.127087328204521288e+00
-5.440102174684255942e-01 2.210223385251423589e-01 3.050740768527790525e+00
4.546392781510026904e-01 4.517902570190908129e-01 2.992471319146781994e+00
1.442879451848836814e+00 2.754075239389289220e-01 2.994000657406962862e+00
2.420026548077490958e+00 4.447567233124446462e-01 2.846455112563827328e+00
-3.021475862591358919e+00 7.311718914596456731e-01 2.510373365793277856e+00
-2.067059930743653240e+00 1.066920480964705709e+00 2.659262747108978253e+00
-7.454282141903405545e-01 1.389291354655870281e+00 1.928673197178510712e+00
-3.689451427200651779e-02 1.288636195938591689e+00 2.694204088893847882e+00
9.186574462814437458e-01 1.313613316260157982e+00 3.420366782865649657e+00
1.799941400424426741e+00 1.236312640216212566e+00 2.938700120782448799e+00
2.836181926840917633e+00 1.302986857221351435e+00 2.436602059638307782e+00
-2.525254050790010751e+00 1.875483306675119755e+00 2.284908739083114870e+00
-1.473400175533797096e+00 1.905086376078680921e+00 2.522268065297757378e+00
-4.417829982044878534e-01 2.181492894720351128e+00 2.472084755829405012e+00
3.594308354077656031e-01 2.118483632703237696e+00 3.165132211071179480e+00
1.322996236697638439e+00 2.140219354139742514e+00 2.898143753145883572e+00
2.265390645616801812e+00 2.118259054192388025e+00 2.552007395050208682e+00
-1.138105279798608649e+00 2.902766246763689217e+00 2.456135182697746888e+00
-1.345914733563233767e-01 3.135524819442096600e+00 2.330380955215966221e+00
7.480228317162146423e-01 2.965209480020689625e+00 2.786688363758534681e+00
-1.245305440814831854e+00 -2.727437509670792792e+00 3.076628383818420520e+00
-4.208396493366279856e-01 -2.819845328400418794e+00 3.675044562011067217e+00
4.689226425972467527e-01 -2.929873180954928102e+00 3.215079109315504891e+00
1.417480358602631885e+00 -2.600380565496863028e+00 3.238946979687078453e+00
-1.958755099408776346e+00 -2.145322279856529235e+00 3.471167420136206161e+00
-1.007979564572508480e+00 -1.783752300905447896e+00 3.368897167785754210e+00
-1.584533514634927087e-01 -1.884471314741418269e+00 3.927651031199071774e+00
9.687211570053301246e-01 -1.766599961546035047e+00 3.740853537589168720e+00
2.067883311489071119e+00 -1.961778306715913800e+00 3.677539735470738869e+00
-2.595415780012658047e+00 -1.355497099024475460e+00 3.379095739408730648e+00
-1.562710498144213034e+00 -9.687246238014353139e-01 3.621803857849365205e+00
-5.103153559572888298e-01 -8.305978741909569862e-01 3.561531292758276290e+00
3.313994099911543034e-01 -1.012738509042122814e+00 4.073726480559548335e+00
1.671513763459232971e+00 -9.816851613566370816e-01 3.753766097842230920e+00
2.682543741354129541e+00 -9.758032343055589308e-01 3.662509248366346615e+00
-2.952047925184061228e+00 4.863251731507363396e-02 3.278024944107225114e+00
-2.151313440000649280e+00 -8.895735613873512193e-02 3.888729426482310458e+00
-1.030773697466742078e+00 -3.808012996491072499e-02 3.895289328881200053e+00
1.593602248927543374e-02 -1.924911762017700312e-02 3.846439250811098276e+00
9.568119573405569067e-01 4.108791253249227671e-01 3.860270726171144418e+00
1.873467007269709272e+00 1.232971197219354586e-03 3.907958725828111213e+00
2.859869906734630707e+00 1.199883548702580099e-02 3.642741289060055454e+00
-2.729938129421711324e+00 1.021889106548307113e+00 3.431955103624194869e+00
-1.772444478800579759e+00 1.128752696312875337e+00 3.705388175672910567e+00
-2.150320837726837908e-01 9.517115926528912917e-01 3.689425359720019948e+00
3.916597294187791900e-01 6.821708999578763866e-01 4.663144447902681122e+00
1.726175525076854012e+00 1.049063489441558694e+00 4.009691591584174652e+00
2.655043743321800154e+00 1.109571907251258205e+00 3.576839718865925555e+00
-2.264348262505521348e+00 1.902498664391781835e+00 3.256601560759330383e+00
-9.956261695225805397e-01 1.136047982510804522e+00 2.953803886396335621e+00
-5.545136094319929043e-01 1.882913486598242869e+00 3.504665588093124562e+00
2.582344221286432262e-01 1.731787977175843096e+00 4.112209520144245900e+00
2.096986741719327529e+00 1.979253397006125681e+00 3.554217452712504777e+00
-1.484037276853499066e+00 2.538110557417700974e+00 3.329565763282479551e+00
-5.223416558948912325e-01 2.910697117158716818e+00 3.257891224786785500e+00
1.507139709573515618e-01 2.757764389662457294e+00 3.981849680455775253e+00
1.158468896901620582e+00 2.570379590478588661e+00 3.788045948524777273e+00
-1.194891531344907776e+00 -2.419971729123588489e+00 4.179601166940030588e+00
-3.709590854140998317e-01 -2.458048286684359596e+00 4.759326794452515053e+00
5.457643490665361474e-01 -2.642179062267203449e+00 4.182430334912754510e+00
-2.487563200733333701e+00 -9.351400446363982155e-01 4.302172612931256523e+00
-1.937866988363410314e+00 -1.765588931321161681e+00 4.404475298982455378e+00
-9.684057726786221565e-01 -1.417137026648987330e+00 4.309764444012585294e+00
-9.403855138599226393e-02 -1.485830107723316473e+00 4.859739524460564120e+00
1.367017637569487354e+00 -2.159066672898816819e+00 4.583189812132483887e+00
2.149949620188649657e+00 -1.426254449431212379e+00 4.518135741049751353e+00
-2.415928580568149187e+00 -1.148907098207700983e-01 4.919172193165429086e+00
-1.543481636124496958e+00 -5.908242462686246199e-01 4.554783014198351410e+00
-4.763125538594863428e-01 -5.731148853919876274e-01 4.535285239039092531e+00
1.181850975265114290e+00 -1.166026185483545419e+00 4.618324918090293885e+00
2.528955443236982958e+00 -4.788472380404584783e-01 4.534505268588568505e+00
-2.536525828443146224e+00 7.144629967000941662e-01 4.366066886422059312e+00
-1.610122686746564113e+00 4.323245484449309006e-01 4.662322718865582694e+00
-6.134723000979249719e-01 5.258196288934894325e-01 4.609561522732693817e+00
7.013570274536794491e-01 -2.734325237445176526e-01 4.640363995095884597e+00
1.384632929613514252e+00 4.859908777840967753e-01 4.780370100714720571e+00
2.546456548276779586e+00 5.904243075355288806e-01 4.425510673383110216e+00
-2.001734956265323717e+00 1.368346345258974139e+00 4.905123824682369182e+00
-9.665332388504879191e-01 1.428368500829313881e+00 4.304162818138394186e+00
-2.103318688530038116e-01 1.428987486328767043e+00 4.971029407638055453e+00
1.025960302665768431e+00 1.413093040780856624e+00 4.967731339768282517e+00
2.013387885123812726e+00 1.228294412079220299e+00 5.054412715921372978e+00
-1.783564834726931281e+00 2.026645298425836295e+00 4.177139535020870653e+00
-9.246094313025992051e-01 2.542733442850178882e+00 4.159133092672774978e+00
7.908179296596240526e-01 2.371526460170716444e+00 4.724738671193823514e+00
1.679785269466771869e+00 1.984563458088941967e+00 4.463972918955386504e+00
-2.051645971248063915e-01 2.431861804197528620e+00 4.868284794965513029e+00
-1.212344502653053269e+00 -1.998922106969843071e+00 5.099223257084926075e+00
5.016457138028735940e-01 -1.721683627656645399e+00 6.046312620938657290e+00
5.494456007175919643e-01 -2.244863456899295784e+00 5.156036795800702066e+00
-1.884928850697235703e+00 -1.247538869161971320e+00 5.260540290419490894e+00
-3.818432547271299882e-01 -2.006073567762285847e+00 5.663934389305058659e+00
5.940703964273779114e-01 -9.583495546192040138e-01 5.401702534342138762e+00
1.331652354125063553e+00 -1.689275193686583521e+00 5.471442411700192743e+00
-2.020928377856407110e+00 5.436305772837822792e-01 5.576458519149579018e+00
-1.064382047271024589e+00 -1.157974244367778738e-01 5.301260839807056868e+00
-6.107860989851587874e-02 4.317237352370300284e-03 5.271577061983421686e+00
1.322848899458474170e+00 -1.945667133483652833e-01 5.525295102861913499e+00
2.246544786681837103e+00 1.289621997802723186e-01 5.280890920542310241e+00
-1.458371251142480673e+00 1.359103164033004241e+00 5.744594736126305001e+00
-6.556218711576775604e-01 7.750361814820051487e-01 5.587044584779285117e+00
5.689706051278786703e-01 6.929737581801173052e-01 5.657885860306328674e+00
1.737827647899502503e+00 7.063123041753091025e-01 5.927539138450428347e+00
-1.139373804098667620e+00 2.055072324905836467e+00 5.073383766075114210e+00
3.612210751470794068e-01 2.043738506243055753e+00 5.606811115383109723e+00
1.102839608748812816e+00 1.479569867409260331e+00 5.972309551714425346e+00
-1.180152625179957226e+00 -1.445311833760484888e+00 5.942261142041242117e+00
-3.424260357769384200e-01 -1.379386246802880578e+00 6.493786449387910942e+00
5.541790472985963500e-01 -1.004746074536356559e+00 6.743102900168223002e+00
1.382585042359397720e+00 -9.799039230126851407e-01 6.178383710193067202e+00
-1.882178633285775504e+00 -4.327944314418488148e-01 5.843441386072805166e+00
-1.203369497478703920e+00 -6.473092009409526781e-01 6.548773692076029107e+00
-4.200092138371758210e-01 -8.749254080419746060e-01 5.616857887956807183e+00
5.604924025485050754e-01 -6.260337795519888004e-02 7.082013340726574846e+00
2.019888838297702272e+00 -8.942636138152408876e-01 5.361980229886069260e+00
-1.477160323593906810e+00 3.089846911011708275e-01 6.400069177825376876e+00
-5.131327346350786911e-01 2.988407257538031395e-02 6.241300354617813184e+00
4.910243541785724308e-01 -2.187573174770420792e-01 6.087803919010380760e+00
1.390758824013299755e+00 -3.780760352108814004e-02 6.524179439742225917e+00
-8.710747461290253568e-01 1.098474309350547351e+00 6.513459930226038530e+00
-1.663074047356190022e-01 6.235064707255547622e-01 7.049355071376882442e+00
8.771320795356432054e-01 8.084109729318391668e-01 6.706027350852099111e+00
-5.763634206886791844e-01 1.818413306189299306e+00 5.879897982488348163e+00
1.230802953606558170e-01 1.427287565525660495e+00 6.482086708900705041e+00
-3.170236390439669094e-01 -5.469749043563041369e-01 7.054922041399223076e+00
