-4.833617805193739514e-01 3.526928144737137005e-01 -1.491899123012700557e+01
5.888336722489467823e-01 3.167028123784161875e-01 -1.475950311970689199e+01
-4.257669117282176785e-01 -6.545668944958578095e-01 -1.446333996134383426e+01
5.698982781661446895e-01 -5.919744688728769688e-01 -1.434241861911789329e+01
-9.007803928794828607e-01 1.828006951297393434e-01 -1.402440022390285890e+01
7.768364489921423567e-03 -4.737843890080739584e-02 -1.366533520236302479e+01
9.031995711536076055e-01 3.763820315553146334e-01 -1.380917847274847077e+01
-2.514166089089542311e-02 8.688927358316541616e-01 -1.419257387418311112e+01
3.757792794731458774e-01 1.045171403687545686e+00 -1.326666871288350080e+01
-7.948682362076766594e-01 -6.838872670037119406e-01 -1.353278531510113680e+01
1.438321250670026863e-01 -1.036601320738924414e+00 -1.354120674654862455e+01
9.764622419979014367e-01 -4.987239935662159951e-01 -1.332944855308218735e+01
-6.094213950064215624e-01 8.972106329775149103e-01 -1.338086912875445478e+01
1.096833534276143052e+00 4.996884850251980814e-01 -1.281983349673491546e+01
5.728633845513476652e-01 1.172302855525811927e+00 -1.229082872627199663e+01
-4.310060602829537402e-01 -1.147124619294601189e+00 -1.271792426196071801e+01
5.686985307997148853e-01 -1.103458184420077259e+00 -1.263531297309144463e+01
-1.150598027766548626e+00 1.200515289990612966e-01 -1.305509015459203681e+01
-1.487666297108205526e-01 2.759239831188520231e-01 -1.273028661293703578e+01
1.241527861925655563e+00 -3.690356538824772770e-01 -1.234456636175360700e+01
-4.927104878698997936e-01 1.181678379672027601e+00 -1.242713820393893798e+01
1.260034981939371246e+00 5.670933187771221018e-01 -1.183485601960576616e+01
-9.391758523542250714e-01 -1.085288759762022437e+00 -1.149139034101636980e+01
-3.915035586855708516e-02 -1.382393387344180269e+00 -1.182752031389318859e+01
-1.161030565200078968e+00 -5.793018212674780898e-01 -1.233161870405078275e+01
1.916974167452624722e-01 -3.828365019085850918e-01 -1.204856768124442112e+01
9.073165610226978650e-01 -1.071944697664477530e+00 -1.169240289574474900e+01
-1.228652436538411052e+00 5.142087658759360025e-01 -1.213505553178687535e+01
-2.936060017324138016e-01 4.586901774713811331e-01 -1.175420052297478435e+01
5.246509753647871088e-01 1.912486417537514471e-01 -1.123063790269279139e+01
1.428289756808744038e+00 -2.970972439561023748e-01 -1.133204983106037389e+01
-9.805188977929901739e-01 1.080188396536014395e+00 -1.133216904773323108e+01
-6.465947941164529311e-02 1.426706316338749447e+00 -1.153812559586897635e+01
8.390813806297108268e-01 1.223553211761552406e+00 -1.115972464127575847e+01
-3.124494664613450823e-01 -1.638075890353533737e+00 -9.679911328888138655e+00
-1.429174156730780965e+00 -1.869373787558572531e-01 -1.145064193823317567e+01
-6.970868058790387067e-01 -1.398237629296318119e+00 -1.057267587720876634e+01
2.555133017077155233e-01 -1.501058790313550162e+00 -1.087653913719317700e+01
1.142444708566187739e+00 -1.037624028716436442e+00 -1.072044183111475490e+01
-1.499860514460365835e+00 4.121142434891189588e-01 -1.062680322937166011e+01
-1.822167877377580680e-01 -5.512784782840327580e-01 -1.107855895193819151e+01
8.026638855792294081e-01 -1.591577040725127290e-01 -1.029622036494022552e+01
-1.515113051860453197e+00 7.030540081483404036e-01 -9.655336741478649287e+00
-5.101473990244613788e-01 3.629308312741537090e-01 -1.077979875027621404e+01
1.944681030656441323e-01 6.686799697913994311e-01 -1.012642203096646654e+01
1.443110348289021960e+00 5.359779013022822891e-01 -1.075017474782615068e+01
-5.166607753480434440e-02 1.566725560155245223e+00 -1.053158102557839015e+01
-1.191071003415302698e+00 -1.160036879615518046e+00 -9.725366645265808074e+00
6.719936187111619219e-01 -1.493187063119663094e+00 -9.950156693715470624e+00
-1.432843937623488273e+00 -6.321851646939364855e-01 -1.054319917447941179e+01
-1.053156094977225621e-02 -7.395351252943811460e-01 -1.008519278998166158e+01
1.424507112183341029e+00 -8.456379252632899579e-01 -9.779937943635417241e+00
-1.666524160697804291e+00 -3.034734603326256774e-01 -9.433683040521501084e+00
-8.281189091052567619e-01 -1.018716166657469557e-01 -9.944742207976048576e+00
-8.612348295159222289e-03 2.502247481066180446e-02 -9.384504302849080659e+00
1.645358686858281017e+00 1.340831360986083909e-01 -9.831856779844102334e+00
-9.830298907415766507e-01 1.257976563764423350e+00 -1.029779430072137814e+01
1.910492458942151806e-01 1.669579595963891716e+00 -9.560812678354636773e+00
1.009435954851369166e+00 1.256108532589231386e+00 -1.017327547714755553e+01
-6.717299088132904217e-01 -1.646754373999158361e+00 -8.565987670216486549e+00
2.794157502859859754e-01 -1.727357962359747034e+00 -8.874587723848691212e+00
1.154691023963378083e+00 -1.352592662269003654e+00 -8.566624443696611024e+00
-1.449325983598967582e+00 -1.002059069732808894e+00 -8.745296811115096602e+00
-5.056665073634576402e-01 -8.041107998746213070e-01 -9.088234960817402452e+00
5.805252066661269472e-01 -8.130039137550255646e-01 -9.217622824295702344e+00
1.666974762595366810e+00 -5.405733715224130265e-01 -8.847008686859439308e+00
-1.785868766961726806e+00 -1.072580223251691223e-01 -8.447786449203221082e+00
-9.030330017916412544e-01 1.219203368640000701e-01 -8.926164957778510711e+00
-4.543329421876762808e-02 4.063533979973764365e-02 -8.341398870431703472e+00
9.424656939183756466e-01 1.131899494660621175e-01 -9.083824583610351056e+00
1.740300981104033307e+00 4.013703176080321011e-01 -8.482614222535161730e+00
-1.555586877012643754e+00 8.461022282772325820e-01 -8.650289932455265784e+00
-5.924042082062612735e-01 1.038459134422007102e+00 -9.386946659952954519e+00
3.283379495185139163e-01 8.913545407565601764e-01 -8.937336823530102947e+00
1.387862191034358927e+00 9.984140984819767084e-01 -9.281356210797682138e+00
-8.761107101489358229e-01 1.557903559264691484e+00 -8.467270612155516574e+00
9.796162863570136159e-02 1.779163403513381203e+00 -8.528655924543031119e+00
1.048053600829086163e+00 1.450388545309471366e+00 -8.443959393236909250e+00
-1.209671960095121790e+00 -1.395289300666476606e+00 -7.760918911784386864e+00
-3.640013503125203442e-01 -1.834486920977724367e+00 -7.454316921144865660e+00
5.284828911189507483e-01 -1.757894795108271069e+00 -7.898992347362408850e+00
1.320125660581562999e+00 -1.323480439904400896e+00 -7.466817011807961535e+00
-1.766198603804994605e+00 -6.001652095680185539e-01 -7.518916490000137287e+00
-9.131630664475522963e-01 -4.892643340318585388e-01 -8.069546564028357238e+00
-4.020276787326793055e-02 -9.665224379418333456e-01 -8.186649725987052761e+00
8.296337721145702337e-01 -4.632137584654572038e-01 -8.243546604005729250e+00
1.767711118930689107e+00 -5.097919060764013466e-01 -7.847635209727570782e+00
-1.819190840619953065e+00 3.979212167473153428e-01 -7.560738375974764836e+00
-8.572356258576263599e-01 5.203132793613700624e-01 -7.991681578068948966e+00
9.138248968755190438e-01 4.792876805817984365e-01 -7.919237096626048356e+00
1.830798353513678256e+00 3.939102154344011897e-01 -7.421614714440977423e+00
-1.350572124586363998e+00 1.281619828856095822e+00 -7.564983767124147107e+00
3.757268125782885909e-02 9.715398314349291686e-01 -7.934876042934007501e+00
1.363515460813068403e+00 1.274002854268347251e+00 -7.509698448813864502e+00
-4.917467263922929988e-01 1.795076730562065848e+00 -7.573689210302248398e+00
5.087722151897877687e-01 1.791896933031545958e+00 -7.553889952836726707e+00
-8.980659303324927123e-01 -1.708484452063061099e+00 -6.592461495375147251e+00
7.810971484108210350e-02 -1.930605733271036684e+00 -6.560524010397315919e+00
1.032922213949868384e+00 -1.637362772230105179e+00 -6.501278272947402570e+00
-1.630793612028853090e+00 -1.028587941919866466e+00 -6.624505036940448122e+00
-5.716554398084241484e-01 -9.058036237626652110e-01 -7.141506909174808015e+00
4.008565522557615002e-01 -1.154710827227788172e+00 -7.110214325334951013e+00
1.701232205221187010e+00 -9.057732384983410157e-01 -6.635981843251613554e+00
-1.923108614440309339e+00 -7.052259191266330163e-02 -6.681122109344357796e+00
-1.001203633252458758e+00 -2.883362152630297714e-04 -7.143497523779132052e+00
2.695107811051040969e-02 -4.400777721465942705e-02 -7.272727687274411323e+00
1.067724271495583910e+00 -2.282840144630000623e-01 -7.164192283031653119e+00
1.936195505898913760e+00 5.532556869944438294e-02 -6.484771086855246836e+00
-1.697370230407827307e+00 9.041901729699010071e-01 -6.699776042112176810e+00
-4.693798835608191666e-01 8.582208852861781256e-01 -7.078008431366512809e+00
5.395567263868644714e-01 8.504870194473256317e-01 -7.065418812071285970e+00
1.646264722513198553e+00 1.008867127838008804e+00 -6.582136164594700745e+00
-1.014693471595350616e+00 1.634800489528337453e+00 -6.685653486410302548e+00
-5.568919971436514516e-02 1.923535374802698650e+00 -6.682024549678686753e+00
9.176346405341004875e-01 1.694529732362961782e+00 -6.640510356660641378e+00
-1.366581879235639008e+00 -1.433125904863928213e+00 -5.747828305172234309e+00
-4.654639077541560255e-01 -1.926970183663570424e+00 -5.708475890434101530e+00
5.413546735252074971e-01 -1.909009761310116460e+00 -5.673365180955428855e+00
1.517492654995966639e+00 -1.276027254526496790e+00 -5.703099748253961820e+00
-1.901936173073011105e+00 -5.423833775934951973e-01 -5.793233752464516328e+00
-8.717225419929519603e-01 -4.674014141321407578e-01 -6.261083587610869472e+00
-3.818439597397116358e-02 -1.018372351144108734e+00 -6.155370318805125862e+00
8.594234159792386585e-01 -5.717888733870921669e-01 -6.183077277490639290e+00
1.952459986836830197e+00 -3.796609012696734453e-01 -5.584257858643468353e+00
-1.921528873043413910e+00 4.617020880611800160e-01 -5.821163097714986634e+00
-8.876109768494870877e-01 5.632002033264369434e-01 -6.209763798210332197e+00
8.842186227360298023e-01 4.831381240727995463e-01 -6.192739290167608601e+00
1.881439451553097664e+00 6.322628526837671403e-01 -5.663120138817404836e+00
-1.448122873165416991e+00 1.343940668727271248e+00 -5.831251109580890102e+00
-4.374459491131688083e-03 1.054642204777056946e+00 -6.189412839577400405e+00
1.330160762944588848e+00 1.466906950545328492e+00 -5.749014511279654016e+00
-5.907808296823873206e-01 1.886179552789045477e+00 -5.815465686230425035e+00
4.382993022069563982e-01 1.928614693475566355e+00 -5.792700133772711979e+00
-9.926486415346005288e-01 -1.763876172386090957e+00 -4.870087699905909062e+00
-1.531560174849744271e-02 -2.026163676612370068e+00 -4.820904587200942615e+00
1.116801730872174270e+00 -1.687259211692904159e+00 -4.883847251891708652e+00
-1.750591358357127092e+00 -1.012263702394946563e+00 -4.910113008299759940e+00
-5.831889807624577315e-01 -9.497740498053133251e-01 -5.308842960179006809e+00
4.560156796042437177e-01 -9.437031192586147199e-01 -5.266555951198256480e+00
1.789912045423110554e+00 -9.535173292613592366e-01 -4.779834258046264495e+00
-2.020712772908069610e+00 -1.213220923720825795e-02 -4.941550795991631162e+00
-1.092816879929145557e+00 -2.370496145648814945e-02 -5.391316730146883174e+00
-1.718152104840271477e-01 -7.018473469574360024e-02 -4.936659988081984807e+00
1.057655989708554900e+00 9.014584551661085354e-02 -5.288878077323943216e+00
2.018708171524540074e+00 1.988018470564608120e-01 -4.770257832104263684e+00
-1.774838170163292261e+00 9.637611862007930963e-01 -4.965936393371535473e+00
-5.293983118378662311e-01 9.322924161549137612e-01 -5.344753044301384648e+00
5.000406632901711612e-01 9.202741709990950314e-01 -5.310351560107903879e+00
1.673747378622340909e+00 1.141846505994212668e+00 -4.822682243081573006e+00
-1.082447944051850186e+00 1.705195495783345505e+00 -4.963260853513276061e+00
-1.091969924377025336e-01 2.017889447537384751e+00 -4.939544507863971035e+00
9.182813179549572657e-01 1.802155347984377709e+00 -4.900619727228132660e+00
6.867077817729931588e-02 -2.083563519718339307e+00 -3.233402645863222347e+00
-1.462556037990637492e+00 -1.448591903872085140e+00 -4.027910368157250787e+00
-6.008879876316797208e-01 -1.971129113353839557e+00 -3.968561033895966261e+00
6.346103635168620638e-01 -1.957450542252104242e+00 -4.048678710804182401e+00
1.481496714929856351e+00 -1.433390039570610952e+00 -3.948255718455442320e+00
-1.996652713542232505e+00 -4.958421517592341843e-01 -4.060880479362609208e+00
-9.747331472630378357e-01 -5.080038698675366504e-01 -4.500299539706674068e+00
-7.949535142383012953e-02 -1.023450037343181407e+00 -4.423766506964156520e+00
-4.507931774273288283e-02 5.230350358575246161e-02 -6.010292938239658156e+00
2.019207999020192101e+00 -4.110616101948778578e-01 -3.970159878126352737e+00
-1.990197927771390596e+00 5.173169196887305032e-01 -4.086838146258870097e+00
-9.904961059640413623e-01 5.461528373975002015e-01 -4.506475825414796077e+00
8.827270135961798880e-01 6.163396641082559135e-01 -4.436432148454585445e+00
1.941615682427534795e+00 6.973415615623002051e-01 -3.902730136782651016e+00
-1.828785077781589052e+00 1.001197313368664910e+00 -3.225987433273374450e+00
-1.502303669432166089e+00 1.403226932440354568e+00 -4.103357007058647810e+00
-1.963281275182282570e-02 1.116601994784389706e+00 -4.440937777372639061e+00
1.378794058078820051e+00 1.532614020223631801e+00 -3.944591528206942144e+00
1.753981526861454254e+00 1.139120424700523770e+00 -2.993406896111039828e+00
-6.447251036314298744e-01 1.952225766061000289e+00 -4.097515652201238368e+00
3.900559733219846614e-01 2.019567561822283253e+00 -4.071904691331837967e+00
-1.079274172240900498e+00 -1.788032812899942314e+00 -3.099487969894198613e+00
-3.770234988959941802e-01 -1.536546013925743637e-01 -3.136689900271449005e+00
1.062346599015000503e+00 -1.797856857538690178e+00 -3.108284612303137351e+00
-1.846264628433232247e+00 -9.707699705221841668e-01 -3.190920351019897794e+00
-6.522396139121866554e-01 -1.008665085124818006e+00 -3.581087194601920487e+00
5.526869236545638442e-01 -9.124150919638225332e-01 -3.651281565048549282e+00
1.853555108109075311e+00 -9.598280467065762878e-01 -3.141751872835129689e+00
-2.087215846976079092e+00 4.651039001211258565e-03 -3.145561007628216998e+00
-1.212508467307173987e+00 6.615085962499239747e-02 -3.644743469491743326e+00
8.243389175891951970e-02 1.275631162276499309e-01 -3.986191291043240881e+00
1.034254699990133641e+00 -4.069423109303471620e-01 -4.389817011352619147e+00
2.087980949368861250e+00 6.029074477524831027e-02 -3.087414025441432841e+00
-1.016603214058179105e+00 6.623634608590454054e-01 -2.731439788385856104e+00
-6.537356103827107745e-01 9.489967687671687635e-01 -3.649662917899462400e+00
5.278447016837349848e-01 1.023181339752378793e+00 -3.560565906488960763e+00
1.161058411209751506e+00 1.561733220682464951e-01 -3.520211027401586534e+00
-1.119531903343926160e+00 1.758644680440266228e+00 -3.231525182180149613e+00
-1.669512835013762242e-01 2.078604276563269515e+00 -3.212631600732734682e+00
8.423876056727277462e-01 1.908408367146189111e+00 -3.186279925288374670e+00
-2.888453913209190205e-01 -2.088034197490713950e+00 -2.296896864539931471e+00
-1.645003179221319556e+00 -1.318815048101924958e+00 -2.273780846963376234e+00
-6.432275609876825229e-01 -1.100457518747660401e+00 -2.385444863048604702e+00
2.964379247597703770e-01 -1.253185425137274933e+00 -2.723646583696009316e+00
1.540417795363026476e+00 -1.438868236295988368e+00 -2.297980169468459621e+00
-2.068694803434894425e+00 -4.242795039363329579e-01 -2.101067235794019439e+00
-1.258026101642883532e+00 -3.354774594237710517e-01 -2.688432207768826743e+00
9.078513869584835250e-02 -4.492146056107628738e-01 -2.159549041277074366e+00
9.855179259300311800e-01 -5.245676212111476389e-01 -2.808521261004898406e+00
2.044843702742670466e+00 -5.154760718253044161e-01 -2.252671174754667049e+00
-2.027664496549732576e+00 5.778120383477604038e-01 -2.274028467072582771e+00
-3.138702026020752101e-01 4.576403997567202175e-01 -2.039433482819063670e+00
4.363879454261295199e-01 3.509749027148880707e-01 -2.782282185922838380e+00
1.397584236960401460e+00 3.795245237771131541e-01 -2.426249758198196105e+00
-1.534446990063543126e+00 1.442858017101246615e+00 -2.376116156955788483e+00
-8.302333876476382102e-01 1.241585426108779755e+00 -1.687917603170376424e+00
-1.452147372322372121e-01 1.180255826319956292e+00 -2.761987458068560386e+00
8.528744475642312528e-01 1.221529428297468689e+00 -2.454551787504144045e+00
1.733820868520224101e+00 1.209409234051361803e+00 -1.980012643079803070e+00
-6.808042227493444898e-01 1.993641917797591034e+00 -2.356593834651278030e+00
3.197874462754944913e-01 2.082637671488513309e+00 -2.339073450649692631e+00
-1.037453724608795369e+00 -1.847502143933695606e+00 -1.677950941702917476e+00
-8.289038466321585474e-02 -2.122023245102823807e+00 -1.317909912379704451e+00
6.993358569884986498e-01 -1.991093169266704876e+00 -2.175618433443545996e+00
-1.725120455617229709e+00 -1.239229491945678774e+00 -1.279435255298693619e+00
-3.289930161391936281e-01 -1.131083059407160363e+00 -1.432645348073322111e+00
7.281924980652210166e-01 -1.104081641566367011e+00 -1.712944082381326893e+00
1.681561095114198379e+00 -1.297130613211550099e+00 -1.311024525095689341e+00
-2.115478847674523877e+00 1.898198893026316891e-01 -1.288747295693170258e+00
-1.002934591741393433e+00 -3.876620919219107009e-01 -1.639139448979506142e+00
2.753349091718668706e-01 -3.396252484610187139e-01 -1.178575540525244492e+00
1.284850955194739353e+00 -2.701790358986357887e-01 -1.647383612033848976e+00
2.092912149911021924e+00 3.340732358748857989e-01 -1.640913725199254714e+00
-1.798038947803490828e+00 1.126987218619379449e+00 -1.448867830058048867e+00
1.723851030169194221e-01 1.304731570196682400e+00 -1.723812782067099647e+00
9.687403336682749444e-01 7.146594447541971817e-01 -1.565545273769842538e+00
1.612026987995107685e+00 1.387518483727004259e+00 -9.964866784366677166e-01
-1.211259401929552837e+00 1.749187704432315194e+00 -9.138931704733010974e-01
-3.791657525482889923e-01 2.088519218509366837e+00 -1.399662543633041878e+00
1.030010525804988974e+00 1.851850663284465348e+00 -1.666895876911141272e+00
-1.889952232601785909e-01 -2.122471682895408662e+00 -3.182227571264775179e-01
-1.684973299543116809e+00 -1.305111617477223263e+00 -5.339994151373161912e-02
-1.087692433347896781e+00 -1.830527867343562320e+00 -6.764689708404176827e-01
9.083714418938430013e-01 -1.921494881927316101e+00 -1.158443084046567151e+00
1.443191432173345223e+00 -1.567504995529077405e+00 -3.744465366408320506e-01
-2.053979416286082937e+00 -5.625369200479042320e-01 -6.202496755144579765e-01
-1.001718899696555809e+00 -8.205429174428786609e-01 -6.799592499974096427e-01
3.260030333758606735e-01 -1.251464846193016456e+00 -6.544407643045531131e-01
1.142857966782593104e+00 -6.666629181416965366e-01 -7.088023767905440309e-01
2.083706950353581444e+00 -4.270526915847767668e-01 -9.866165172850998033e-01
-1.136834226346053356e+00 4.922350644507952344e-01 -1.045797672287477553e+00
-1.186861111657577794e-01 -4.008563455472966552e-01 -2.575079322159012918e-01
7.626717662842944501e-01 1.423976980496041711e-01 -2.493913253155852772e-01
1.620591293425103219e+00 4.231508518585316847e-01 -7.257327038411887088e-01
-1.834642352162433099e+00 1.082962839387243470e+00 -4.486726854845386470e-01
-6.621187112863680113e-01 1.083272239647671054e+00 -3.705506329961849588e-01
-9.643183056287796262e-02 5.867125990530182023e-01 -1.063776126508315656e+00
6.894162028413287624e-01 1.061890158965760556e+00 -6.636475821177327816e-01
1.801903757736014189e+00 1.138252065125952450e+00 -4.179894678644302530e-02
-4.223086553484733940e-01 2.088343511803373076e+00 -3.986175038629085066e-01
4.734181434933453225e-01 2.074738980201858318e+00 -8.579326945873475552e-01
-9.679486690215242106e-01 -1.898298503748321764e+00 3.301933563906396807e-01
-1.892736788638131884e-01 -1.276182329959368644e+00 2.249034533144044501e-01
6.930981842815484573e-01 -2.015373924063709410e+00 1.432311544381517920e-01
-2.041892302807795545e+00 -6.058261113541192344e-01 5.721636004595066494e-01
-9.969434828538794591e-01 -7.209726156985993839e-01 4.599690456503319202e-01
8.043204201782966356e-01 -1.023857238680761839e+00 2.385215377682250448e-01
1.986484969814695356e+00 -7.722510295952531578e-01 -2.553183350313759092e-02
-2.120303738853806408e+00 2.163748356856457222e-01 6.786218946512700793e-03
-1.092665088204554991e+00 1.426533034628210128e-01 -3.967515790169784395e-02
7.986360468995123627e-03 -4.361361664799261462e-01 7.388357974042709664e-01
1.221457116499848006e+00 -1.599523760592660437e-01 5.886529537339388884e-01
2.121659384274003468e+00 2.011282723687827789e-01 1.816353698976779507e-01
-8.024865955283928542e-01 9.994230697717702006e-01 6.585632651497124179e-01
-5.351464842586040049e-02 4.895139589332275776e-01 2.280982463997906773e-01
1.652266384427791002e-01 1.462985650754041300e+00 1.230996345509037249e-01
8.589611495898935578e-01 8.315575468199288833e-01 5.001050276398280037e-01
-1.282675070570377329e+00 1.702035117711498735e+00 1.320887187394524376e-01
-4.959762968103973435e-01 2.070802597562706016e+00 6.641021516468952335e-01
1.082323394864815880e+00 1.836038970571121309e+00 -4.940764540350528478e-02
-9.197615876102815946e-02 -2.126723718641528649e+00 7.682967470991751702e-01
-1.586158756861522079e+00 -1.417530106563802406e+00 9.568731442679584420e-01
-8.506032548748692079e-01 -1.944194546925189115e+00 1.441921673197966269e+00
8.249396015229718548e-01 -1.958982502480424159e+00 1.138453281359832037e+00
1.629553702901231693e+00 -1.370042735114466836e+00 7.308772873853907059e-01
-1.986355901713267258e+00 -7.390972323531173060e-01 1.641056539664902392e+00
-9.884784359947644816e-01 -8.289920648303876760e-01 1.509268480997351558e+00
-1.008708229506538601e-01 -1.279838543747004564e+00 1.301490001804025853e+00
8.342641636144254580e-01 -9.033187552957855360e-01 1.232029126058001633e+00
2.094805737384096034e+00 -3.664109549193312887e-01 1.032475552461355806e+00
-1.926228057382374459e+00 1.697453675823329677e-01 1.195791831039339392e+00
-8.531367484247596167e-01 7.571946275147645178e-02 1.097040442005061456e+00
2.501563185898864616e-01 4.135592207421717181e-01 1.218736475066369396e+00
1.182583875185800437e+00 -5.144374864650558266e-02 1.636630262566022509e+00
-1.874489002462780718e+00 1.011364318537819385e+00 5.620197674411616662e-01
-1.385281248540906063e+00 1.611409528007456515e+00 1.195288150286282658e+00
-6.769684731412439760e-02 1.365507489957016540e+00 1.236320825336563178e+00
1.448707043339990674e+00 1.558879048543457380e+00 8.520678081994768061e-01
1.995670599963424330e+00 7.303006063657362379e-01 1.186514609848340784e+00
-6.474552420250461182e-01 2.016554546061702702e+00 1.738433665518990257e+00
5.709769378318989563e-01 2.050217015840897883e+00 8.349821323072652568e-01
-6.893756642312638405e-01 -1.989062230585147972e+00 2.428717734163795772e+00
1.115473935317212728e-01 -2.113391163080791557e+00 1.839833863979223771e+00
1.029326131728245608e+00 -1.842938961795795194e+00 2.145823729620464082e+00
-1.495620629023818537e+00 -1.491224441040557736e+00 2.086872224348647720e+00
-8.904006869345977293e-01 -8.246013780266565618e-01 2.613270236763368004e+00
7.179164427187294251e-02 -1.212955319995728587e+00 2.362977302760210563e+00
1.818266276489379996e+00 -1.087586469160882530e+00 1.688103262207893529e+00
-2.108249293658758461e+00 7.471878207578359909e-02 2.214624179856233610e+00
-8.677486390481874423e-01 9.124013585389151304e-01 1.696754072240299616e+00
-1.745691741773498507e-01 -3.105842931867073275e-01 1.784755250768165880e+00
1.080857818696371320e+00 -8.585042191889584728e-01 2.329253026429968454e+00
2.113335933227117103e+00 -1.271868425071431830e-02 2.012620249900717528e+00
-1.879892548462379409e+00 9.731261945992101259e-01 1.809203787632690075e+00
-1.456163189279209291e-01 1.350132058222585085e+00 2.295683569666720825e+00
1.031996942273606832e+00 9.356338228587288697e-01 1.563082604443185364e+00
1.883364953837183720e+00 9.529359243125291590e-01 2.155608878876428935e+00
-1.359087810977172239e+00 1.608142418600523538e+00 2.410831929882301328e+00
3.459860682287905220e-01 2.088042610046169756e+00 1.828786455441640646e+00
1.219964038950753116e+00 1.722533843562852551e+00 2.152071743249380553e+00
2.833883262113048862e-01 -2.076171479253986263e+00 2.840725404421491795e+00
-1.421748306707129927e+00 -1.530378486326497978e+00 3.086362911973406398e+00
-3.864033490918217240e-01 -1.443642264501022510e+00 3.245333727448525440e+00
5.662438554388770084e-01 -1.138063653651997242e+00 3.304834633756117857e+00
1.466828065124577307e+00 -1.489747082242303122e+00 3.020965143132703368e+00
-1.961342669312287512e+00 -7.411000896012751582e-01 2.790639370316553070e+00
-9.017296339229687874e-01 -5.815322614259912370e-01 3.691410687778587274e+00
-1.042927006740370643e-01 -4.135082011952135872e-01 3.109128261614601207e+00
1.234421187461630653e+00 -3.786313304162973736e-01 3.367816243865439318e+00
1.986485593317202980e+00 -6.736245137260539195e-01 2.754184789476781248e+00
-1.110666501414613094e+00 2.624169752207190179e-03 2.086287735083327544e+00
-3.868304383566822935e-01 4.473700559893594164e-01 2.657924248004612799e+00
5.655208847212686019e-01 -9.823610084751521754e-03 2.476067297865039762e+00
2.028532236289868340e+00 3.696785156461091515e-01 2.984372950377706335e+00
-1.913792340707999529e+00 8.551958559163702622e-01 2.810948190992797358e+00
-1.007358965857932276e+00 1.066910481574275815e+00 3.177972917723942636e+00
-8.433003271633765507e-03 1.197298034600210670e+00 3.299556044556241297e+00
7.344118660716182356e-01 9.778138502947383293e-01 2.635910528564824329e+00
1.548730018872759073e+00 1.403441834790309484e+00 3.044833510710319047e+00
-5.901995351900950482e-01 2.008464668032797107e+00 2.919520982317886482e+00
4.414443896879872153e-01 2.047390705372742925e+00 2.878972234428242238e+00
-9.978842953355098189e-01 -1.803720441452085765e+00 3.949989147565422964e+00
-1.895147192072954567e-01 -1.060067536878747774e+00 4.242587768214944433e+00
1.046971405443670289e+00 -1.777373861970247049e+00 3.909180415769597072e+00
-1.819612268346560313e+00 -9.759028854597033842e-01 3.853198517077357721e+00
-8.951464082934705857e-01 -5.316164799457112622e-01 4.903679505079294287e+00
8.137503700805478468e-01 -7.998697906018463755e-01 4.269605821391322387e+00
1.760805621034734925e+00 -1.075575373005435154e+00 3.894934684930666524e+00
-2.067079534177949540e+00 9.916368676866928883e-03 3.786822225021161170e+00
-1.162468813996198946e+00 2.915266757524848651e-01 4.113945441028930894e+00
-4.234417800506662388e-02 2.828976636693814745e-02 4.252880306874494032e+00
1.144642823589350877e+00 1.543582136797840010e-01 4.221588296195153411e+00
2.060338456562488929e+00 -1.177605736017000027e-01 3.884228950937584468e+00
-1.379138879299020459e+00 4.354786833358281761e-02 3.052181526577445236e+00
-4.655679176577223188e-01 1.018809255688778004e+00 4.201279241950684806e+00
5.679035813928026144e-01 1.041290645407209725e+00 4.232854990273913209e+00
4.978777070512650504e-01 3.179633602691265826e-01 3.455691512083998607e+00
-9.911203377346993193e-01 1.811384892716451755e+00 3.852816759938384461e+00
-1.739355626668270816e-02 2.065874073960052293e+00 3.820197060366117281e+00
9.573410625816919373e-01 1.834255577840083973e+00 3.729594276074471360e+00
8.521026365230384425e-02 -2.061785468014022626e+00 3.888665879145420945e+00
-1.468337483858448422e+00 -1.401670440386013183e+00 4.736728843356909913e+00
-4.840838799165823048e-01 -1.968801709483585682e+00 4.793553304004770865e+00
5.646020678944272397e-01 -1.948246018234755184e+00 4.771726612466069994e+00
1.431111071711659299e+00 -1.437625158011513804e+00 4.769445097395249356e+00
-1.966409148830550180e+00 -5.057293550138979299e-01 4.726418129803844792e+00
-9.801537862882980789e-02 1.756932000010906492e-02 6.271112732692681213e+00
2.109686827468844894e-01 -1.064993394914651503e+00 5.169129864459754309e+00
1.025580003280107011e+00 -4.367151397218691500e-01 5.189916801560727322e+00
1.948039534011315910e+00 -5.650026721150140929e-01 4.773698241033667244e+00
-1.958958428667642693e+00 5.365612944584700061e-01 4.710165899485286189e+00
-9.828000581208868880e-01 5.142751065760917673e-01 5.077666122740117416e+00
9.106069166792033487e-01 6.147793475066054558e-01 5.095261726605092356e+00
1.982996019662413900e+00 4.354047573230765966e-01 4.730247820922947710e+00
-1.799345009285431729e+00 1.015434439199166539e+00 3.815941438425983545e+00
-1.460406652937109584e+00 1.413906503448337348e+00 4.673279855299553809e+00
-1.318007791779507443e-02 1.083001830114413755e+00 5.111247697049704719e+00
1.494967082173730866e+00 1.379160226622154983e+00 4.644226444255472153e+00
1.860925731023513219e+00 8.949587796262926664e-01 3.848914196105089225e+00
-4.633520717130608091e-01 1.976770353397154567e+00 4.727636507579171088e+00
5.430182345248356635e-01 1.959987798338438392e+00 4.647569104371171989e+00
-1.024841148042085592e+00 -1.703246428406629320e+00 5.607530743627721748e+00
5.394155514198455820e-02 -1.985329886059886917e+00 5.640172529924937450e+00
1.014509045855522817e+00 -1.705566438271063134e+00 5.669604067608739584e+00
-1.735570061338862047e+00 -9.695708862810050732e-01 5.603162287559189991e+00
-4.082160046339424753e-01 -9.359783337825291483e-01 5.969659708556243061e+00
6.064049123744830183e-01 -7.795186731324008633e-01 6.058660412064296175e+00
1.718673265702714392e+00 -9.922800453895774808e-01 5.668329107682542833e+00
-1.989179319930926226e+00 2.843571226869192822e-02 5.577594595627892282e+00
-1.075081360684308152e+00 -1.365991831287090008e-01 5.968484923811385734e+00
1.102817550580305339e-01 3.954443077385343813e-02 5.266089584368012666e+00
1.016575061210823971e+00 1.512898272121413201e-01 6.013390632479628906e+00
1.987080645636075449e+00 -2.859338639021302697e-02 5.617216179143573740e+00
-1.721382743028371465e+00 9.968515074155478439e-01 5.581253964589188321e+00
-5.922170312303904893e-01 8.887521128520371461e-01 5.924201113224416559e+00
4.560482907321604662e-01 1.005947691760510132e+00 6.013490814951679475e+00
1.740648415427796580e+00 9.665544767705367413e-01 5.546796016336665858e+00
-1.020315503119221034e+00 1.711107803794795101e+00 5.523495176282578356e+00
9.773167131808586927e-02 1.987719978310631630e+00 5.563573684319386814e+00
1.051097688535166386e+00 1.694701994910160492e+00 5.485365276780722610e+00
-1.376564548102138019e+00 -1.363141395105927245e+00 6.479969721802531168e+00
-5.098228950127321468e-01 -1.870171300745113285e+00 6.461994190780099068e+00
5.225996080857180370e-01 -1.862215868423533038e+00 6.529555720182505851e+00
1.385881589714004436e+00 -1.347693252750275406e+00 6.545882409573936300e+00
-1.874436147728076207e+00 -4.905904189558185635e-01 6.475443740128969949e+00
-8.367059127206601943e-01 -5.956686037303740022e-01 6.830833852825043628e+00
1.268632273051495674e-01 -9.750557273823261539e-01 6.918520370565316213e+00
9.466798573981105580e-01 -3.811640664697790726e-01 6.936652805054829507e+00
1.877087775285961158e+00 -4.658020859307470118e-01 6.531716357822089591e+00
-1.869012428608272103e+00 5.174887305815937255e-01 6.447407156960823116e+00
-9.410793120920573074e-01 4.777848310199473425e-01 6.853370022988356958e+00
8.998577456058202140e-01 6.182420886555988204e-01 6.939866082419521298e+00
1.865564373292585731e+00 5.314778327683321590e-01 6.439990441974171809e+00
-1.360708080330553571e+00 1.378925083702093213e+00 6.480500831623417390e+00
-1.214981602028473162e-01 1.091672331441309485e+00 6.855933554883526959e+00
1.355289524272824897e+00 1.392237915382065205e+00 6.388838340722038822e+00
-5.005739234658364012e-01 1.878948759778062527e+00 6.364295287121439770e+00
4.873553872414255195e-01 1.871652032811265576e+00 6.531032343291883535e+00
-9.323455056854186296e-01 -1.631143349990281877e+00 7.339065813215817968e+00
3.546384294154258932e-02 -1.873291695334373230e+00 7.409096772827395760e+00
9.933937227000154691e-01 -1.586152319095518237e+00 7.436921022761476152e+00
-1.638626778311774501e+00 -9.162703998605792322e-01 7.358051650769906971e+00
-3.826447434987301222e-01 -9.136790047445089158e-01 7.779000849483762359e+00
6.086443031145343241e-01 -7.945753779404185480e-01 7.912132301460728101e+00
1.673864904859457381e+00 -8.221618551257563468e-01 7.525575547879702398e+00
-1.878106413537281583e+00 5.712971146237377784e-02 7.336707753952899758e+00
-9.566478675245377872e-01 -8.826968459750617058e-02 7.706793722757845799e+00
9.425520678883667069e-02 4.797950255768217848e-02 7.254693158914548690e+00
9.647927058582432824e-01 1.444766798547707509e-01 7.831659199222617218e+00
1.861860731781066036e+00 2.213851893362845935e-01 7.390911045357345444e+00
-1.574976891861737727e+00 1.009834241484137030e+00 7.445477658259631148e+00
-6.511862073609506751e-01 8.518695675507786946e-01 7.867475839755494249e+00
3.397583045022401493e-01 9.207790243916040840e-01 7.729939474244114095e+00
1.524002830541647535e+00 9.666034489547117303e-01 8.269360732949769144e+00
-8.477859977870139119e-01 1.680145651457750411e+00 7.296406112668576860e+00
1.207811761934387135e-01 1.865701823982302221e+00 7.462904118496137329e+00
1.111530239229622241e+00 1.513058949993632218e+00 7.357342022961045558e+00
-1.271912450469315559e+00 -1.286595933935046787e+00 8.217143361428089321e+00
-3.927222400255914181e-01 -1.756403136527382003e+00 8.326173547885883153e+00
5.976063756105277625e-01 -1.686338744077019669e+00 8.447653532152729738e+00
1.408408408286505820e+00 -1.099622777083538949e+00 8.473075742546667399e+00
-1.761295571831226425e+00 -4.131989357831997722e-01 8.217776359796031826e+00
-9.249820407862046068e-01 -5.186911651612149399e-01 8.761951918894213875e+00
4.795482328229290492e-02 -8.686610766028906028e-01 8.743433687585637770e+00
8.868795316032779263e-01 -2.865944477963182635e-01 8.738313267509868254e+00
1.791921634332376723e+00 -1.912128755491551146e-01 8.299420628670256761e+00
-1.701450924790322006e+00 5.784427811354516669e-01 8.356937913810332574e+00
-7.599206429719629341e-01 4.722096223582950558e-01 8.829736225201310518e+00
6.893920277183311907e-01 4.163445938934031698e-01 9.438055226525410291e+00
1.680246373195128706e+00 4.055374935838435002e-01 9.094086366659102083e+00
-1.128789787623858842e+00 1.372703192676074879e+00 8.580066533641794280e+00
1.469450512732609071e-01 8.903455762511188754e-01 8.726269277326300866e+00
1.167546199438797894e+00 1.265617798784038683e+00 9.160342825222288710e+00
-2.264557991050253349e-01 1.778670091752557081e+00 8.403214429665482044e+00
7.659945592780752488e-01 1.631149436320816548e+00 8.299893483284517259e+00
-9.057605675744468954e-01 -1.466883995803044627e+00 9.139408416713060035e+00
5.486885578312970801e-02 -1.708119026869454160e+00 9.287985549836218269e+00
1.016672182366422428e+00 -1.363327777949180586e+00 9.368946867889377472e+00
-1.441470306825877401e+00 -8.339740114927280956e-01 9.700695905104334216e+00
-6.490192302202615338e-01 -1.479414330856400284e+00 1.013892699747390402e+01
4.667564104095001110e-01 -5.617295648416700260e-01 9.801109173462240420e+00
1.201023995478251782e+00 -1.049921317074478111e+00 1.030826337771251033e+01
-1.722334811705877655e+00 -4.552904941945712380e-02 9.149994464004485906e+00
-5.442160775115496563e-01 -3.039697082928540794e-01 9.684190490444791521e+00
-1.106640435898924579e-01 -1.087239011738461159e-02 8.239036533099991289e+00
1.576533466125291882e+00 -1.285053333979391255e-01 1.041815309393982325e+01
1.605767123996815648e+00 -5.306172532754231952e-01 9.460018783459645419e+00
-1.452224108500928423e+00 8.627642353806883602e-01 9.478910564575631525e+00
-2.581593314592538491e-01 6.563233246241001462e-01 9.681020698790272050e+00
4.245335454448593837e-01 4.805240138550970763e-01 1.040175983070929711e+01
1.438558787554401697e+00 7.706029344959199889e-01 9.997905097119803131e+00
-7.085914619416797677e-01 1.533923520271597507e+00 9.474112474921845717e+00
2.714320729249022346e-01 1.682693806757048938e+00 9.332398740099273837e+00
7.172429393995667368e-01 1.438616282684477499e+00 1.020647750907135354e+01
-5.074892298496820331e-01 -1.384149732095607988e+00 1.122561354943358225e+01
3.434348311578877544e-01 -1.566862129657323521e+00 1.023522764646311600e+01
-1.258966295719076811e+00 -9.005530240258394770e-01 1.068527936592983707e+01
-1.956142608376438830e-01 -6.606206372151035566e-01 1.055635557501173416e+01
7.157892454426342255e-01 -3.747198799299695793e-01 1.087488686180713948e+01
-1.611676301840475389e+00 1.154012296299278817e-01 1.013649317189388377e+01
-5.684235218952267132e-01 2.815811763432202186e-01 1.057692041527715077e+01
3.492627454524424024e-01 3.971379575287912189e-01 1.140457517614049898e+01
1.446634390286485550e+00 5.662013765362883255e-02 1.140764382771974716e+01
-1.146760590030979188e+00 1.091797692249278695e+00 1.040510982109742066e+01
-2.648263672258082124e-01 1.565413950966886292e+00 1.037036492681391131e+01
1.176394911360224116e+00 9.510447173360671025e-01 1.094982461537102125e+01
5.870846001921551371e-01 -1.358310746383338596e+00 1.118701531304218477e+01
-1.275696272513371810e+00 -6.056934951790964305e-01 1.164230725102538955e+01
-6.675410673847466114e-01 -1.131191207680984689e+00 1.224153979712099805e+01
-2.998356628229714715e-02 -5.643114353529057325e-01 1.155380220448261142e+01
1.130601836666983440e+00 -7.940405857846428717e-01 1.183603422453335874e+01
-6.142639987969147342e-01 2.676045682041268692e-01 1.164720507160181029e+01
2.152644060232803136e-01 6.649363281499767742e-02 1.234855081844436420e+01
1.274813621829834487e+00 -8.616356919105783163e-03 1.245685722975130538e+01
-1.438178223437930114e+00 4.081225005470655032e-01 1.107893141654943925e+01
-6.615845658025989451e-01 1.312939659111924007e+00 1.125379339904683818e+01
2.371629727468736737e-01 1.304775337574096694e+00 1.216857425824262506e+01
1.085758970768571086e+00 8.268516562041280382e-01 1.193940543113239627e+01
3.300310363354641008e-01 1.444611352770402091e+00 1.117238862814345346e+01
-6.640285865714190550e-02 -1.152859395549128863e+00 1.306485171535715217e+01
3.161475482819630645e-01 -1.291223137424239553e+00 1.214994377726184993e+01
-9.940921146758796567e-01 -6.029283648390730832e-01 1.302767001852896378e+01
-9.958487369243584908e-02 9.543772758691004832e-02 1.334499298122535471e+01
8.638904215663758546e-01 -8.310450270024603014e-01 1.285255323474273226e+01
-1.288300367242555922e+00 9.202643774266347498e-02 1.236478071027375059e+01
-9.340756395570934956e-01 6.614461327679533875e-01 1.311258300683359401e+01
5.711444753576354616e-01 7.735301100343842107e-01 1.387236593137645890e+01
1.068893332258638251e+00 -1.326704086108065894e-02 1.344762102741448118e+01
-7.383609376442876737e-01 1.088987262314609739e+00 1.222878568211240591e+01
-5.510261276869243829e-02 1.142646824564237384e+00 1.311528052048058868e+01
8.665455644614719066e-01 8.095120766212337005e-01 1.291598679847500186e+01
-4.244028657329863563e-01 -8.401121364274786174e-01 1.394626876321230036e+01
5.655736050133203241e-01 -7.986513722969164064e-01 1.380864003177679145e+01
-9.645709829541857516e-01 -2.720430946666851924e-03 1.386114279024301332e+01
9.787375894481394056e-02 -6.531415601921111147e-01 1.477903561086730377e+01
7.966742071439891770e-01 -3.576860966838069089e-02 1.441500722553033320e+01
-4.215094595212036666e-01 8.271385307532467257e-01 1.399209963410952895e+01
1.572462534715618476e-01 6.378072570140012054e-01 1.478739630722778742e+01
-6.471970598511234130e-01 1.583513487259791477e-02 1.480970808154165397e+01
3.662858017337908278e-02 -9.015570794190352899e-03 1.554171017915211728e+01
