-4.727655069994511905e-01 2.870964939809593219e-01 -1.144564436195433643e+01
5.242326949629311228e-01 3.233016049043683227e-01 -1.137590067009595884e+01
-6.655171815290401582e-01 -7.487643818236904281e-01 -1.076462070639661306e+01
5.011305065015958515e-01 -9.532938773268853083e-01 -1.060599956120167064e+01
-1.072003538469061823e+00 1.790064169871742050e-01 -1.058416836693635332e+01
-1.680823344769066807e-02 1.304440196912943530e-02 -1.059388769438820077e+01
1.056964131223007808e+00 -9.629876777779600161e-02 -1.064013188355571060e+01
-2.928190727079567068e-01 1.003035420446574122e+00 -1.067535738234956000e+01
6.994560365891390186e-01 8.540826919657819039e-01 -1.054572971949980342e+01
-7.018790452307399619e-01 -1.346937193304370339e+00 -9.360481851337283388e+00
2.940474170988405245e-01 -1.435257690035470546e+00 -9.544506574672254828e+00
-1.209721031460460949e+00 -5.908802483019428564e-01 -9.916468543968065319e+00
-2.132556815482615775e-01 -5.988777502673201525e-01 -9.820453628235455312e+00
1.199181100152911572e+00 -7.360792476354731662e-01 -9.731862623124570177e+00
-1.421696234708846873e+00 3.227877985766528512e-01 -9.568348043515868540e+00
-4.342369251780695549e-01 3.767477003056879936e-01 -9.741979284858615529e+00
5.562640863487713361e-01 1.839982016757802374e-01 -9.782150042724950367e+00
1.492018346582245414e+00 1.938463487950567998e-01 -9.410364165394042857e+00
-7.658572974886794782e-01 1.282312187851765595e+00 -9.448113616395886538e+00
1.499337211512565549e-01 1.362717748080665370e+00 -9.843038523188255340e+00
1.027949490303086133e+00 1.080363947442716688e+00 -9.456139797069425867e+00
7.328199244588720629e-02 -1.711729353065322812e+00 -8.601825627526451967e+00
-1.424750047983792456e+00 -8.012475875248838975e-01 -8.927714787439100519e+00
-4.072500074120597446e-01 -8.169737367247478232e-01 -8.565123125374896063e+00
4.341293407374540170e-01 -5.192186963745513140e-01 -9.058412133215355766e+00
1.590906458259332190e+00 -5.463981340449208801e-01 -8.734216978590495728e+00
-7.743413173119364501e-01 9.539804074909283282e-02 -8.830309720719142774e+00
1.057161883834565989e-02 1.736767005933923316e-02 -8.175478839631722394e+00
8.803761384379908961e-01 2.619921341142395499e-01 -8.619461279002848642e+00
-1.397922522712335081e+00 9.286963383504217573e-01 -8.750174264723895590e+00
-5.314959774295289208e-01 1.642567382642514895e+00 -8.544759323495313197e+00
-1.096891355567208848e-02 7.448355962320706292e-01 -8.874111540293398548e+00
1.323276114007020610e+00 1.151031544555726871e+00 -8.422840039299913428e+00
1.888573745298297024e-02 1.892186349894639630e+00 -7.745916651856731505e+00
-1.536565985472051921e+00 -1.325190148031126114e+00 -6.954734625806807458e+00
-7.724977403576502866e-01 -1.657737759830141044e+00 -8.069295942477140215e+00
9.857787322148759968e-01 -1.339019790376781316e+00 -8.814284216826862917e+00
1.070646865187063534e+00 -1.539542478093764544e+00 -7.835328234316449425e+00
-1.550414021035763312e+00 -1.026597820121665450e+00 -7.916253126527578843e+00
-9.175843644753030048e-01 -2.519565037852515843e-01 -7.900376179021222356e+00
-3.063627993833506480e-02 -9.043295891642344486e-01 -7.639985121618252606e+00
8.082391414365698301e-01 -6.029763115431165943e-01 -8.107169750446232115e+00
1.722877591611346570e+00 -7.878653725876745284e-01 -7.734284260317934923e+00
-1.743083220542885670e+00 3.098806441478258941e-02 -8.469851344327096854e+00
-6.758622021533540192e-01 7.559521716442731964e-01 -8.067978828260123692e+00
9.619450539794830446e-01 2.705525719075640989e-01 -7.551763730243663986e+00
1.784097220602216760e+00 2.756453922875569673e-01 -8.183836427150296799e+00
-1.086201879669630443e+00 1.569825755481038865e+00 -7.656584440278919601e+00
3.168849194642405220e-01 9.398129536860663213e-01 -7.929269614648234210e+00
4.875395898113128457e-01 1.611522314393492916e+00 -8.727795298829420290e+00
-5.424014208569900575e-01 1.962140640854497908e+00 -6.912468099421801071e+00
9.828709433922728778e-01 1.645459629362943099e+00 -7.614863078626385118e+00
-6.978365086960565122e-01 -1.884805681658320964e+00 -7.074802475836364124e+00
1.491531012081614427e-01 -1.911275275445589727e+00 -7.612513008581544227e+00
9.418574610509691247e-01 -1.810844501799778072e+00 -6.877788869230755608e+00
-2.019047982950752385e+00 -5.307207717067825570e-01 -6.568244936072630935e+00
-7.833577817057459924e-01 -6.447838471993065923e-01 -6.972424925329548273e+00
9.204068767198463064e-02 -1.170278150204453027e+00 -6.683528010546012865e+00
1.728214777754511822e+00 -1.113690085898312532e+00 -6.781315490807500623e+00
-1.926521770551062218e+00 -1.940629472790504906e-01 -7.506505026856530094e+00
-1.123421283867884313e+00 2.985466814242017097e-01 -7.071406641194343479e+00
2.229308573068265395e-02 1.964568161260096466e-02 -7.098844467495737831e+00
8.968470315437832019e-01 -6.508725534856836248e-01 -7.108468850916423776e+00
1.986569192460096556e+00 2.970766564590493486e-02 -7.214595733434236990e+00
-1.723007945801398932e+00 7.834403009832356934e-01 -7.743382868651579543e+00
-3.540815280952784860e-01 9.721644895012431231e-01 -7.140325253023533492e+00
6.068712093567558696e-01 9.313293285463491999e-01 -6.853652141641745743e+00
1.694173262986358175e+00 9.577635028680382412e-01 -7.450859356629493391e+00
-1.553613821958819585e+00 1.368886201107565981e+00 -6.683840432377110119e+00
4.621879213853956059e-01 1.995622090282305194e+00 -6.830541019127096547e+00
1.376131412363896134e+00 1.549997491476177824e+00 -6.669765684344000078e+00
1.747873765631701715e-01 -2.116437565167359480e+00 -6.313004979337634381e+00
-1.750025179292691746e+00 -1.285074873500633430e+00 -5.952119376885534052e+00
-7.921196902729121803e-01 -1.323377330696132503e+00 -6.237586093808616283e+00
5.553870633414528107e-02 -1.335601401280314349e+00 -5.689804323623249616e+00
1.115602138265714860e+00 -1.871475799526635342e+00 -5.891733631449412201e+00
-2.205433738145188727e+00 -1.498188451826933942e-01 -5.629402759734119854e+00
-1.202718621986775815e+00 -4.214764359225142698e-01 -5.978042258330120262e+00
-2.000533035291169881e-01 -3.558792871864966401e-01 -6.160697006809968457e+00
9.301598480750024045e-01 -7.531281088420200831e-01 -6.091519812799816691e+00
2.109631149062875188e+00 -3.064212428709680580e-01 -6.253348478573755642e+00
-1.475552546337070225e+00 5.275389674225899883e-01 -5.790206173300106229e+00
-5.834232196747848320e-01 5.709021595133081384e-01 -6.251691176604609268e+00
3.047342048540400139e-01 4.207941454432829742e-01 -5.782284882348804445e+00
1.129996911950188254e+00 1.428737211199190005e-01 -6.491862618295343168e+00
-2.020892255186481634e+00 4.761832210563960444e-01 -6.646124351035226141e+00
-6.370369393842167938e-01 1.163582300558446914e+00 -5.428898378999292618e+00
1.175657645772775969e-02 1.412294585172555905e+00 -6.153167137275360687e+00
1.183697620120211846e+00 9.362022612447106207e-01 -5.876586932142288333e+00
1.967268451728959811e+00 7.289625270053817774e-01 -6.496357059563791836e+00
-9.169272192421686896e-01 1.963978358918132550e+00 -5.981267196634121319e+00
8.316848809896202344e-01 2.012559033013987086e+00 -5.900734353524796916e+00
-6.040032032081796842e-01 -2.122000080117814491e+00 -5.665263092413738377e+00
2.221614044506861341e-01 -1.391869185161411338e+00 -4.696185824550681787e+00
3.729339134314327286e-01 -2.216390721893986893e+00 -5.301968687825066695e+00
-2.053212069403684836e+00 -9.786194588828038832e-01 -5.046567564123250804e+00
-7.838581546671719025e-01 -9.723049739910578637e-01 -5.250014427046920673e+00
1.121193749759443525e+00 -9.356566997208091152e-01 -5.108304156197561952e+00
1.850773209727556878e+00 -1.175755658878628651e+00 -5.778832815139864465e+00
-2.155827608664480977e+00 7.187013876730953266e-01 -5.066378538345787774e+00
-1.413306043855513394e+00 -2.049579522302593659e-01 -4.994479378120487922e+00
2.562560514906777609e-01 -4.539078399674281172e-01 -5.252230342809269814e+00
1.261960366295734159e+00 -3.813583972970491232e-03 -5.504765927284196891e+00
2.136740327176060994e+00 6.196493437053318676e-01 -5.506275340127160689e+00
-1.203132775939764088e+00 7.675111097511668756e-01 -4.704514489670913235e+00
-5.260938512716819560e-01 1.732225840149356211e-01 -5.266805507974879674e+00
4.545346908010223230e-01 1.266081944801348058e+00 -5.267672442239160091e+00
1.384764200633517905e+00 7.657865812091203539e-01 -4.805305357218259132e+00
-1.658082607975671863e+00 1.486011157435234153e+00 -5.490817880970979559e+00
-6.506463886972824184e-02 2.223323632687323137e+00 -5.510646331290530497e+00
1.521693514164726535e+00 1.659275672305154048e+00 -5.266523351961822641e+00
-4.169034253282148939e-01 -2.272917651524522853e+00 -4.675019167998684111e+00
-2.557096346245373297e-01 -2.378134429800056182e+00 -3.687314661410937333e+00
5.285451662004861939e-01 -2.283617178559623540e+00 -4.302352989186118748e+00
-1.398185145514247552e+00 -1.780480842882937509e+00 -5.149366647156156773e+00
-4.023021548333929331e-01 -1.384935390078808837e+00 -3.807978952614931245e+00
6.231332582310490364e-01 -1.410511725202027833e+00 -3.766833197005766465e+00
1.253398400658479961e+00 -1.915674265404746279e+00 -4.899543764184898009e+00
-2.318627782115555647e+00 -1.314729907608125359e-01 -4.549602723736583698e+00
-1.225456422209504126e+00 -1.093653758080165517e+00 -4.352052656333682989e+00
6.451045051864957580e-01 -5.554674700800319442e-01 -4.295705424458361676e+00
1.551367542670391897e+00 -1.971392824059989834e-01 -4.537437243997374026e+00
2.218757378913719602e+00 -3.853839170643027501e-01 -5.261050878893954064e+00
-2.212688073021155333e+00 8.338935736602960391e-01 -4.050313591326457185e+00
-1.453746747160707287e+00 1.254786842952873849e-01 -3.966559640698463340e+00
-3.494549342084383170e-01 -5.923005950506166073e-01 -4.416499948644784013e+00
4.325462615881484063e-01 3.941196432663845450e-01 -4.685790409340100382e+00
1.471774360229909373e+00 2.828810695183952562e-01 -3.624885540106618009e+00
2.284733338175501505e+00 4.972436668477912547e-01 -4.369877797764274874e+00
-1.740258738193034560e+00 1.663525666687515114e+00 -3.460076064562684905e+00
-8.971728354508314851e-01 1.162757205882242628e+00 -3.698356488627382532e+00
-3.098111964272476371e-01 1.346942010461700923e+00 -4.492717506796168436e+00
6.854173391782818481e-01 1.278680550671317251e+00 -4.280354711922356614e+00
2.095162911689148366e+00 1.160614717590098710e+00 -3.640463003961826871e+00
-1.688359730625634825e+00 1.606520009658320536e+00 -4.457785756716475589e+00
-9.486426289192735339e-01 2.075368656766404030e+00 -4.973642197876102955e+00
7.281882854231593871e-01 2.170110875512888615e+00 -4.902152582684863091e+00
1.571494828797538990e+00 1.743081056439189203e+00 -4.267775039084554578e+00
-1.181295576381288015e+00 -2.049131480103767444e+00 -4.042164900509234826e+00
-2.492255612078508875e-02 -1.613062059437893936e+00 -2.192613469734340015e+00
1.525192699555757869e+00 -1.818452437906387331e+00 -3.937348874679770461e+00
-2.165755886834119792e+00 -9.612694265808556793e-01 -3.987813896827361759e+00
1.042865402040961120e-01 -5.906018604739813327e-01 -3.447796272830160547e+00
7.897707164304103022e-01 -1.288620560603931153e+00 -2.768985454419322423e+00
1.999429267517738751e+00 -1.173527949345881893e+00 -4.593328396488729481e+00
-2.402021180911631859e+00 -1.532297643423419231e-02 -3.540232471207886533e+00
-6.681355673223521308e-01 1.998459424074833929e-02 -3.253281905893416592e+00
-2.941582942326590455e-01 8.236781244003683611e-01 -2.786879638420046490e+00
4.714024537145896088e-01 3.163866107554446638e-01 -3.681879371271648438e+00
2.332377675075838042e+00 -4.333703620963262892e-01 -3.951586190252882602e+00
-1.274886961896612547e+00 1.041948629407149829e+00 -2.778594711297685649e+00
-4.193660372739884679e-01 3.883896731467440522e-01 -4.160124923919099160e+00
9.387975509583756928e-01 1.068430922523582627e+00 -3.213178295162066433e+00
1.634640832600102067e+00 4.621018276333649921e-01 -2.633767682048315351e+00
-1.011728226539602815e+00 2.145687117682427925e+00 -3.952231010366162423e+00
-1.391331164923457209e-01 2.329817801892472229e+00 -4.418844782319666820e+00
7.277117278630838015e-01 2.262063760085720965e+00 -3.899953699829993070e+00
-9.655280852715293349e-01 -2.237376714569663250e+00 -2.981131691945194007e+00
7.762897254947885572e-02 -2.449003516714086004e+00 -2.732383018811844977e+00
8.898726395546043832e-01 -2.248996557208130298e+00 -3.286384186720397338e+00
-1.753537214092148133e+00 -1.665041269353466191e+00 -3.294959069737231516e+00
-7.399476324402769478e-01 -1.241089006166163244e+00 -2.790060814910063414e+00
8.383212950044593992e-01 -1.420118717621093651e+00 -1.719857346148799593e+00
1.706258367510749885e+00 -1.742199183666784279e+00 -2.950156501812159604e+00
-2.278350792389758794e+00 -8.617241776243815821e-01 -2.997979975281680254e+00
-1.368732010014070966e+00 -7.343740645149523516e-01 -3.426223494463329189e+00
-4.495234055195851397e-02 -3.674217802384873721e-01 -2.455087677170340044e+00
1.451055547841278770e+00 -8.290342844739626571e-01 -3.682189681261959890e+00
2.258003752097268890e+00 -9.056410223118263048e-01 -3.050625495213083127e+00
-2.251722459425465672e+00 9.265345037871259848e-01 -3.015051274173416118e+00
-1.611816485230477269e+00 9.781440762372288489e-02 -2.916195737053897119e+00
-8.862097586837052177e-01 2.247682355336337590e-01 -2.217197446643140779e+00
5.493060480069672513e-01 4.387458208396994852e-01 -2.392245881681091646e+00
9.403451656896720801e-01 -2.710750264932926257e-01 -2.979432763127007888e+00
2.404013410654919802e+00 2.832699625423253376e-01 -3.254346828385834556e+00
-1.903044095456891682e+00 1.581376863276960698e+00 -2.211922910263268705e+00
-6.260462825858752467e-01 1.546076053071229195e+00 -2.168838736176169846e+00
6.034560518957629571e-02 1.444449381195400894e+00 -3.516404895007369191e+00
3.631093519326814567e-01 1.519220927531986343e+00 -2.370118618186154436e+00
2.023213832587511529e+00 1.388686380189913416e+00 -2.659208230788280503e+00
-1.085827055575890654e+00 2.186384556984986460e+00 -2.903040174027339049e+00
-2.123121807463377309e-01 2.401543779067898399e+00 -3.407429082244561869e+00
6.404823396574507166e-01 2.357326523863997103e+00 -2.873346486605100836e+00
1.451299947604753893e+00 1.934518469445010602e+00 -3.290439231449283852e+00
-6.476588449008886528e-01 -2.395097441612605849e+00 -2.040487392505411890e+00
3.116135692588425932e-01 -2.475031871224445013e+00 -1.646951629332747302e+00
-2.015720899920552256e+00 -1.481494024005684196e+00 -1.397137323547681831e+00
-1.674529996799336118e+00 -1.816225119900764184e+00 -2.306029438700917922e+00
-3.648750067479511472e-02 -1.570930196308196969e+00 -1.191741855903941882e+00
1.049421080618754276e+00 -2.237535069287304168e+00 -2.281800763637619411e+00
1.822091346818716318e+00 -1.688748031752467682e+00 -1.954018446893016403e+00
-2.385945740353179190e+00 -6.993070330975825755e-01 -1.898433957617612577e+00
-1.471426477276310152e+00 -7.142676346158083334e-01 -2.347090475925966757e+00
-9.349888160425905426e-01 -1.354975351131159300e+00 -1.793657907704925947e+00
7.288864183060161928e-01 -4.305039395007526082e-01 -1.816263320359240652e+00
1.559827302773099333e+00 -7.587224978895079630e-01 -2.317561662377499943e+00
2.328713927217895829e+00 -8.977913236096526362e-01 -1.606619235089056019e+00
-2.460881564900759599e+00 1.694844648408065368e-01 -2.389453532718746942e+00
-1.736513384958655593e+00 3.765446478776269396e-02 -1.710662172931719738e+00
-3.136719557935236935e-01 -6.094417060899104399e-01 -1.518003404331579986e+00
1.583449795638297353e+00 9.108853351671997167e-02 -1.696979130603509134e+00
2.458717505214638610e+00 -2.201526728095473118e-01 -2.347787076045847243e+00
-2.347461437674141393e+00 8.429638461213300182e-01 -1.658290225226238590e+00
-1.333348962679906435e+00 9.588305417552347443e-01 -1.663336671324614713e+00
-6.084094214135546963e-01 1.527382779250112455e+00 -1.153209076940186151e+00
-1.649494696395237270e-01 7.821490470017464780e-01 -1.708956339611304998e+00
1.198445992270846583e+00 1.066707733340416242e+00 -1.958588602509848897e+00
2.376598350244834901e+00 7.170513199803369986e-01 -2.006063656526677619e+00
-1.919306898800101635e+00 1.612850454951030077e+00 -1.168434812912281018e+00
-1.241701080457872308e+00 2.163032464089210016e+00 -1.662389630262694595e+00
4.724110203946373376e-01 1.485378168996774217e+00 -1.354359834833601894e+00
1.390610450538398046e+00 2.044812534324992104e+00 -2.247319045946582605e+00
1.989249329933273192e+00 1.510786396969094891e+00 -1.533075010249660863e+00
-2.633087843316559429e-01 2.452781079162738465e+00 -2.385771731134227025e+00
5.627430228366721021e-01 2.424986489892321906e+00 -1.807896789452271946e+00
-1.280349923177780624e+00 -2.152089347001535202e+00 -1.293745963273167376e+00
-4.029551328167286783e-01 -2.478891066054600856e+00 -9.395319530057548718e-01
1.313653404373757549e+00 -2.134375814848610275e+00 -1.202984280727690702e+00
-1.340799241646351447e+00 -6.845579612428593919e-01 -1.139563092280127421e+00
-8.861375584963866459e-01 -1.439817340835617188e+00 -6.663871654736084338e-01
7.845863811108141350e-01 -1.421538289127994403e+00 -5.817287261062205062e-01
1.418072640107874038e+00 -8.039676342693979905e-01 -1.089762254180470791e+00
-2.381068827101344709e+00 -8.164803588781097687e-01 -5.070776802687788631e-01
-5.480733639950159386e-01 -4.827417788548018507e-01 -5.018972401412469253e-01
4.408424942621906872e-01 -5.122562590225072654e-01 -8.285071873947487120e-01
6.411171849579334614e-01 4.048375987290995237e-01 -1.238231842295149931e+00
2.424735198644128786e+00 -6.735020755136815751e-01 -5.711341783062522381e-01
-2.509468246239620726e+00 3.065459230302789925e-02 -1.037240862234867222e+00
-1.654293286122168638e+00 6.167239727517068171e-02 -4.718493714209444079e-01
-8.702556868672530754e-01 1.971847371993267206e-01 -1.207787945092675841e+00
7.872398243432250364e-01 5.706151008636385358e-01 -2.527976270689578087e-01
1.678155551376038890e+00 1.250432268024141147e-01 -6.927170504408479701e-01
2.504104338657183071e+00 3.503756969168421442e-02 -1.285519657351173350e+00
-2.358275375925899198e+00 8.809061950244140293e-01 -4.777673615733135648e-01
-1.293682509857617902e+00 9.838306475039669818e-01 -6.559034794578906258e-01
-7.844601227988476921e-01 3.663652762327961332e-01 -2.582752945835409264e-02
1.316360885148033955e+00 1.091809775323675735e+00 -9.228540896545212036e-01
2.354187228290465672e+00 8.823505153237948262e-01 -7.686296649226420641e-01
-1.169110258928526491e+00 2.227263023819179732e+00 -6.661913308591209670e-01
-3.383730613210502725e-01 2.479320849907647339e+00 -1.369144080278786646e+00
-1.412395162384711966e-01 7.332968088410164453e-01 -7.004429967288388070e-01
1.295310689262580972e+00 2.146061616171833109e+00 -1.183282094545461405e+00
-3.745989216326535143e-01 -2.488723838679391065e+00 5.494062177788060497e-01
5.517289809288508096e-01 -2.454562885356068591e+00 -6.368461196940700120e-01
-1.848956268864967001e+00 -1.709016117080992103e+00 -4.320983489302108183e-01
-1.072138735161161094e+00 -2.279829314842146459e+00 -1.388776357762111502e-01
6.570314639718638494e-02 -1.649518727757850911e+00 9.520447302230369280e-01
1.358049036329131765e+00 -2.121968590705563429e+00 -1.428214857145206906e-01
1.973645968524738059e+00 -1.558906567736002557e+00 -6.988509947578194215e-01
-2.367706826599487613e+00 -8.541738461780568059e-01 5.172451215418093495e-01
-1.462872993998018956e+00 -8.400555046744955234e-01 -1.466580947565887527e-02
-8.255629875805539086e-01 -1.511041013385806764e+00 4.930240156038901977e-01
-1.064668671803730149e-01 -1.850730131641086018e+00 -1.736027147022696226e-01
1.164332567041489686e+00 -5.536028809789854677e-01 -1.380347752045594234e-01
2.025309039809929601e+00 -1.497306737142281463e+00 3.012029927252199424e-01
-2.519156296772877113e+00 4.084301306359842260e-02 6.059611504313878322e-02
-1.622396340023783523e+00 6.835613243020005614e-02 5.335962176005815127e-01
1.153427263434710637e-01 6.990937316441640792e-02 2.990502709211085852e-01
1.590531601161552455e+00 3.171366737796610935e-01 3.014177876441104798e-01
2.512526209797270038e+00 1.870884663028881401e-01 -6.581142825980634825e-02
-2.357704757532829376e+00 8.794701117035512716e-01 5.843064681046415965e-01
-1.359883321730350758e+00 1.039023255885574981e+00 4.468382248582788430e-01
-2.057362085096769988e-03 1.065058504344829293e+00 4.508670486302441827e-01
4.470565543091928329e-01 1.541884315180634957e+00 -3.177198461571322241e-01
9.947123913584747790e-01 1.180308211647707051e+00 5.156994678950685973e-01
2.283972344969368073e+00 1.060230951198660510e+00 3.996624284202783817e-01
-1.858440084098518241e+00 1.700894771936274141e+00 -1.574076717208328091e-01
-1.243372527934496929e+00 2.189101082182189462e+00 4.621898127554565083e-01
-6.753729374049015632e-01 1.550191896974332684e+00 -1.075825540901291788e-01
1.138704668676818743e+00 2.247492109393420368e+00 -5.090060453484568370e-02
1.900788049327445162e+00 1.652409437014189297e+00 -3.135006987742059437e-01
-3.473096880244099793e-01 2.495255485652785321e+00 -1.516825515630273458e-01
4.551966165823161381e-01 2.472832482480090910e+00 -7.490539369669875214e-01
-1.162318064893540281e+00 -2.222642322529580383e+00 1.110432169100872724e+00
6.389717946094995993e-01 -2.434631119093225493e+00 5.157826173085269250e-01
1.493826290902650511e+00 -2.017937655185690460e+00 9.811573874130644635e-01
-1.847794403755088410e+00 -1.708419569220538392e+00 5.693161335919640909e-01
-7.408138993828998764e-01 -1.342931532092407565e+00 1.480096775170210988e+00
8.887508181718595246e-01 -1.373503404444562648e+00 1.457634574712067810e+00
9.664979027104800835e-01 -1.359290420882771855e+00 4.211779779776710919e-01
-1.483872363707533282e+00 -8.397482867912913207e-01 1.020347522870261869e+00
-6.741597298309187636e-01 -4.998081339354456532e-01 5.386153446908812370e-01
1.297659814444244164e-01 -9.146556211372427470e-01 9.540699375281644357e-02
1.423272031580571140e+00 -5.375096822414917597e-01 8.335598966153332512e-01
2.440310638073678096e+00 -6.163930883195121169e-01 5.295460895351062902e-01
-2.508810816837623747e+00 1.957589256443577341e-02 1.076789907892070186e+00
-1.613329358633777133e+00 1.820875662116844262e-02 1.550917899860625448e+00
-6.768688244148250988e-01 5.122611084053991792e-01 9.662057527908782806e-01
8.521068074108624213e-01 2.896610837665669624e-01 9.777138764225794532e-01
1.688993487706683005e+00 2.681625071621654421e-01 1.583206961633742305e+00
2.495628036959071316e+00 2.743444703243646532e-01 9.830063449250293628e-01
-1.916555304556993633e+00 1.618337241218811284e+00 1.099851804723993798e+00
-6.863370035847395911e-01 1.519814412031422979e+00 1.026463324918764020e+00
3.486992466793906176e-01 1.683167296436396398e+00 1.160272519776130773e+00
1.136946987825828703e+00 1.100889201693169062e+00 1.532271479834754757e+00
1.736663695652734152e+00 1.817999541443777733e+00 7.631798879334716901e-01
-1.258151294063665659e+00 2.154174797864278013e+00 1.643497204625614438e+00
-4.137729162738850164e-01 2.472651004722620449e+00 1.166671353637392050e+00
3.759769540094470841e-01 2.488500583586039205e+00 5.508255516592849288e-01
1.320143931223894063e+00 2.117449990497377588e+00 1.623785587852883516e+00
-2.836119791795113088e-01 -2.481379372612877887e+00 1.546485819537588124e+00
7.272983254347814563e-01 -2.389225584753205567e+00 1.548692091952205141e+00
-1.819412260666240400e+00 -1.705851605698981643e+00 1.664612940623498405e+00
-1.081840787705985463e+00 -2.229843365083780782e+00 2.110360420507538137e+00
7.983648453412112156e-02 -1.653423962458674623e+00 1.977959967349687265e+00
1.630203220167962597e+00 -1.873756965099573790e+00 1.972582492682648958e+00
2.161818198860115281e+00 -1.262472652486749780e+00 1.322719965622161986e+00
-2.346152330794993190e+00 -8.572258454399275251e-01 1.535357485211714224e+00
-1.427485875244926206e+00 -8.507623667119759148e-01 2.023896075874209721e+00
-7.391074007377937960e-01 -1.381640486552669245e+00 2.540563695991714166e+00
1.556595353817738503e-01 -6.738634280668094334e-01 2.173770744545937106e+00
1.517450376336237472e+00 -6.873307362364329265e-01 1.861164507393246792e+00
2.463565913111710248e+00 -3.574982134410618073e-01 1.809552256728674591e+00
-2.479624513505655159e+00 -5.252228781330359197e-03 2.079397150903932623e+00
-6.519068548973621091e-01 -2.989169220683152162e-01 1.600909855403544801e+00
1.768805921836892059e-01 -6.219564798004171280e-01 1.098213516310621918e+00
7.185680025353483602e-01 1.535462481127903844e-01 2.004291572348730899e+00
2.412375816579182430e+00 5.390536172641132717e-01 2.270893818151983101e+00
-2.340381023132437122e+00 8.668739134010268188e-01 1.607169455782896605e+00
-1.316565840234218854e+00 9.815593281297926298e-01 1.626216423471901429e+00
-6.035606434493701045e-01 1.553717432792365960e+00 2.105370997437749914e+00
1.814790822035842674e-02 8.017237768520379948e-01 1.646483789979485968e+00
1.145420833400394578e+00 9.336598291257843796e-01 2.534803399778061905e+00
2.216973795954153115e+00 1.155933965439336353e+00 1.448999032992038360e+00
-1.908741677236079681e+00 1.573668623112304932e+00 2.224650191658132492e+00
-1.220140503227582940e+00 2.126754136066020706e+00 2.699760250931394268e+00
4.133699868070990768e-01 1.538519043818349363e+00 2.197923811350007472e+00
1.032903241852636045e+00 2.229408509331102017e+00 2.596068639804496314e+00
1.877429890751165953e+00 1.606863077876757639e+00 2.287028637639376694e+00
-2.850063320782396659e-01 2.443379664236243087e+00 2.536165439451198989e+00
3.920362009953161642e-01 2.458697612417327871e+00 1.797996282203968565e+00
-9.309216985314208159e-01 -2.244392731768400040e+00 3.102964695331506206e+00
-1.244162767930987457e-01 -2.456367282430406362e+00 2.545186372602119107e+00
8.709524583073379178e-01 -2.300361196030820565e+00 2.540890598684817814e+00
-1.744703209020272539e+00 -1.715343147536941615e+00 2.800030585749534229e+00
-6.001950736868906233e-01 -1.460567232001963589e+00 3.645652187178365811e+00
9.582999268530046910e-01 -1.254344462727658538e+00 2.479323961182058333e+00
2.189236899746386023e+00 -1.127213612016547017e+00 2.484161697994915041e+00
-2.295038578801836593e+00 -8.857707556417295791e-01 2.534184696846921714e+00
-2.142627467403102060e+00 -1.091713720994334835e+00 3.500961858781805880e+00
-6.533479347299646633e-01 -3.871853042852961835e-01 2.711108427155942913e+00
1.571705923087924006e+00 -8.133505501799618287e-01 3.208725321840023348e+00
2.417654141362596931e+00 -2.794586411529706993e-01 3.035016761918889916e+00
-2.422133238090481200e+00 -7.676509239323081601e-02 3.210412805839885309e+00
-1.592907574977445506e+00 -2.340050688788153366e-02 2.562773043620103053e+00
-7.023693720411472441e-01 5.759049352552053636e-01 2.349094158130886623e+00
2.191560370369140531e-01 5.672651288782278867e-01 2.781668976357295708e+00
1.585529117739431060e+00 3.536894572760001382e-02 2.556598526949759087e+00
2.362588457462091007e+00 2.647310774180532955e-01 3.884898488223385904e+00
-2.324938508199011267e+00 7.821880755775791894e-01 2.678266949933475694e+00
-4.013986498996757746e-01 1.338353144605394895e+00 3.094693650439078958e+00
2.637134105976798697e-03 1.366801134336792733e+00 4.025539096480971857e+00
6.120213049931055860e-01 1.428876129517499205e+00 3.225983072649370786e+00
2.190671508159466097e+00 1.050539179871960549e+00 3.107303866834891348e+00
-1.527093528298820502e+00 1.847235859341410658e+00 3.617895122086969728e+00
-6.408289616137921030e-01 2.318156150186134301e+00 3.495315741320013547e+00
3.439537136944234574e-01 2.392179985353678706e+00 3.316061070001451672e+00
1.583013186791651705e+00 1.824357095889152847e+00 3.337591592599836066e+00
-1.528494822633504668e+00 -1.829894749724175540e+00 3.791965960709538397e+00
1.433054326825130564e-01 -1.593313446322852656e+00 2.984793501314141562e+00
1.635250183983634420e+00 -1.807290961395878526e+00 2.972972409453052745e+00
-1.968922458351627824e+00 -1.241614107016687285e+00 4.489778337430298194e+00
5.464598271751829571e-03 -6.516948271470255349e-01 3.585254856322972916e+00
7.972261576060482025e-01 -1.257456608663005682e+00 3.697781729956898911e+00
1.652720696645090914e+00 -1.700135511568433344e+00 3.967606094944328810e+00
-2.326522294888519582e+00 -3.620853761420050887e-01 4.175635162720246818e+00
-1.223557703604654989e+00 -6.801545221692464338e-01 3.481998536764665975e+00
3.228520649721770552e-01 -3.323096954616033827e-01 4.509478580076465626e+00
7.187715994203196512e-01 -3.368305256973940232e-01 2.939593633661779837e+00
2.249989514460934537e+00 -7.523670499449082172e-01 3.949635401261837320e+00
-1.373619902234622714e+00 1.058224033599490799e+00 2.974787807996004396e+00
-6.291537397307251922e-01 3.872795184158530080e-01 3.355110671853579252e+00
2.909933907743647019e-01 3.827399083612824660e-01 3.771006964881482570e+00
1.361704085506840745e+00 4.821861531488204067e-01 3.425036726577437740e+00
-9.927092994132351578e-01 2.111806839939040170e+00 4.424266050296052910e+00
-8.570432459052312879e-03 2.341747897421790903e+00 4.328507076293935718e+00
9.487915716056317672e-01 2.161761940926989922e+00 4.098052095530981376e+00
-8.394142846823768878e-01 -2.171322825878064577e+00 4.487384616104227675e+00
-1.553656886916598978e-01 -2.381528427647580770e+00 3.760337932094862889e+00
1.716925419239087314e-01 -2.300705508086494433e+00 4.714836668124896768e+00
-1.420079251779654328e+00 -1.750765231142679568e+00 5.239585991731072312e+00
-8.895008499396226398e-01 -1.147087908366046349e+00 4.592419543602980880e+00
8.290047464590715176e-01 -2.254028569351206102e+00 3.546487221374276633e+00
1.130772692595208184e+00 -2.002192254147757922e+00 4.795312750327870077e+00
-2.238113975636807140e+00 8.607947538215221517e-02 5.372863708626830714e+00
-1.484515660546080085e+00 -3.372403743061198611e-01 4.807815642603992856e+00
7.631245442168664572e-02 -1.344317122703046152e+00 4.409963121383408513e+00
1.285788360785343087e+00 -6.041556186677325968e-01 4.280218281702175886e+00
2.291065689364134794e+00 -1.995524808676094608e-01 4.792184395895098703e+00
-2.252556275405993347e+00 5.820736677688002070e-01 4.502901708397264002e+00
-1.492276684614040505e+00 2.483239400677429431e-01 3.881010324273852952e+00
-6.609953743045480223e-01 -2.200833489110891605e-01 4.212433024440319862e+00
3.688462830299388817e-01 6.954446571960252177e-01 4.723433833467794329e+00
1.520329837253711069e+00 3.561247469695902335e-01 4.434678602367906564e+00
2.079099169785822543e+00 9.227016832607126684e-01 5.045158696437950674e+00
-2.147665683266609449e+00 1.062878690861213338e+00 3.624220601743101344e+00
-9.673802643879128027e-01 1.112613143094686396e+00 4.004501924073363028e+00
-5.309193087137487055e-01 1.316129817349602993e+00 4.892644797369460008e+00
1.017727517244647828e+00 1.159296081789805477e+00 4.105511063036398234e+00
2.017434894484674945e+00 1.227346485787654151e+00 4.090118401994359942e+00
-1.778156872110017162e+00 1.496954342915703062e+00 4.527181343667599833e+00
-1.293633362509694962e+00 1.833277982013825635e+00 5.336763443744716007e+00
6.526391264937244641e-01 2.174601352102821128e+00 5.086241007218642807e+00
1.512123867659968424e+00 1.730140388879107149e+00 4.812264656182945188e+00
-8.484843972748308261e-01 -1.987364088236503790e+00 6.032569117865711483e+00
-2.482850585619615913e-01 -1.606717131012331379e+00 5.328226682054734376e+00
4.967612592386911885e-01 -2.135146080532365431e+00 5.782849738249534077e+00
-2.045377975810410476e+00 -8.976618243618901261e-01 5.427460518946615409e+00
-9.503337739238730819e-01 -9.328597764498880451e-01 5.582031595900296850e+00
8.323530352026899948e-01 -1.078830763010543592e+00 5.045040011591599871e+00
1.910717249942496920e+00 -1.272298197754054172e+00 4.835484178317281945e+00
-2.058903333295504012e+00 5.157835578007203825e-01 6.321133003751810975e+00
-1.302133371299873943e+00 -7.226673885440959566e-03 5.742508629702625100e+00
-4.704464351164006075e-04 -6.334177244036425236e-01 5.428412478476255743e+00
1.313166923551685628e+00 -2.107425515887655365e-01 5.240010833802004164e+00
2.190228449115069864e+00 1.951090661390222081e-01 5.727187126392529137e+00
-1.301491241344308492e+00 6.478054726058741775e-01 4.850519390504504535e+00
-4.317135575893047417e-01 2.634329838222508324e-01 5.165058589178910253e+00
1.947717944166248716e-01 1.242882251011902417e+00 5.610886308833305414e+00
1.123681359492942233e+00 9.739857677679850667e-01 5.343288868621836940e+00
-1.954691365442243978e+00 1.067935295942046059e+00 5.483224832865619902e+00
-3.294681571733377723e-01 2.226146486403862923e+00 5.275721633266607924e+00
1.196049215304178626e+00 1.825184227296972272e+00 5.864368596121312116e+00
-3.340353449806343633e-02 -2.077551166360933621e+00 6.635389375785659460e+00
-1.633033204497749580e+00 -1.381461326587867688e+00 6.199718923577515639e+00
-2.568683288926081332e-01 -1.142105951421839904e+00 6.356577935200710350e+00
6.932067080658875780e-01 -1.085279142473424940e+00 6.038616567331757778e+00
1.464470250545796715e+00 -1.645183408974972394e+00 5.696567772729240531e+00
-2.061042564707577185e+00 -4.872123521969768944e-01 6.355091487229585390e+00
-1.069203611143890953e+00 -5.675590079123367104e-01 6.539767527264597646e+00
4.145599465991231525e-01 -3.096218586479437818e-01 6.670174412451720158e+00
2.051896498708318362e+00 -7.974790421870352475e-01 5.706175099136443052e+00
2.049345779838153359e+00 2.530889850009821473e-01 6.722152760002942706e+00
-1.088633550628074431e+00 5.026740293773205304e-01 6.651276463552933116e+00
-3.666057635173132212e-01 2.183609595752217247e-02 6.134173191613885301e+00
5.062985317512997963e-01 2.393077776369275100e-01 5.691739147776605279e+00
1.346178943346346690e+00 -2.989050038128340248e-01 6.253241906431097341e+00
-1.577994105971697536e+00 1.411692778692897443e+00 6.359066519298469444e+00
-9.332429636542229900e-01 9.430917366144921932e-01 5.740643283805339614e+00
-2.993567034844204500e-01 1.127217594336760165e+00 6.494419908711835276e+00
8.996928865922430019e-01 9.425199618247696032e-01 6.328343599296505140e+00
1.864560192703338393e+00 1.093683471658866369e+00 6.026829941863317330e+00
-7.558886245092111267e-01 2.003584333820179086e+00 6.181358823242730338e+00
2.681524774806540168e-01 2.137009193596796308e+00 6.087699148684812656e+00
-1.082750458613247702e+00 -1.713909691828774839e+00 6.966145380274088694e+00
-3.391790972822548156e-01 -1.886412538436601949e+00 7.614838498515745790e+00
9.478236070798535806e-01 -1.849727230972362690e+00 6.631251240895197796e+00
-1.735547826609362687e+00 -9.810625388635969557e-01 7.173497691349441041e+00
-5.969802226073852580e-01 -9.169449892760752618e-01 7.417108937926031764e+00
3.407740916310045831e-01 -1.266681594499459607e+00 7.181467274412641544e+00
1.715272212867681612e+00 -1.190625148322453697e+00 6.565721407048503266e+00
-1.987521705951394324e+00 3.391290050121944372e-02 7.208510832724734918e+00
-1.047294155922500636e+00 -2.664045502737621973e-02 7.563744321698037787e+00
5.421932345090593221e-03 3.224717246777663443e-02 7.579743132196471223e+00
1.113100259987855667e+00 2.854241976292087868e-01 7.080264748095266292e+00
1.657038132924980589e+00 1.156552761793337769e+00 7.007175313854987486e+00
-1.707983268833558554e+00 9.955342153929068738e-01 7.273032871381034603e+00
-5.925184446581397424e-01 8.918125905013124521e-01 7.470770063956986284e+00
4.018741716409005571e-01 9.983772450244269292e-01 7.231456999975198308e+00
1.387850921809015370e+00 1.218691741398896689e+00 7.979471045577041011e+00
-9.990718752051037654e-01 1.736138594863854578e+00 7.116282218759264921e+00
-4.253937050245326645e-02 2.016154827862362442e+00 7.032971261647120720e+00
9.220890301213806595e-01 1.829670175654839470e+00 6.827668521292651782e+00
-1.162506272368062810e+00 -1.406375850627000546e+00 8.090138924432334733e+00
-3.157615437749115017e-01 -1.680198236726454297e+00 8.617712519563511364e+00
5.607016929861631249e-01 -1.748527393505639793e+00 8.033090353331175493e+00
1.319861520339425276e+00 -1.427409939040941822e+00 7.462493924774773468e+00
-1.737830208638087015e+00 -5.616012705643953495e-01 8.081917513348079396e+00
-7.957204996127131835e-01 -5.115054453071223861e-01 8.416919842948534125e+00
1.173654504138832849e-01 -8.633451285287208066e-01 8.195458357790847970e+00
8.998962659373881401e-01 -5.322396867526748565e-01 7.618903404169389937e+00
1.887168389714432237e+00 -5.545907989200173915e-01 7.331409396827744729e+00
-1.751226231658804977e+00 4.332881535858275623e-01 8.189738117264489858e+00
-7.485516468027668679e-01 4.894643989380023652e-01 8.406488744187035067e+00
9.249864601716256685e-01 3.416009837891142986e-01 8.143470699801834911e+00
1.858683665993812184e+00 3.560383598762797419e-01 7.744878186398356235e+00
-1.264961460291118556e+00 1.305133545001977868e+00 8.124655813648075764e+00
1.158009336100402353e-01 9.738690442210677922e-01 8.198317429886259333e+00
6.785133487202316127e-01 1.512962131407531441e+00 8.833074360089737453e+00
-4.184165686081087188e-01 1.806769003585128930e+00 7.941134997916899252e+00
5.774222384435813149e-01 1.787031339589406853e+00 7.820893327059214251e+00
6.837620393764252125e-01 -1.466056230245399661e+00 8.994323057390451126e+00
-1.053744376341313682e+00 -1.188575137581395325e+00 9.106636788572281205e+00
-9.900961751567649571e-02 -8.633778561048757183e-01 9.179034409952754103e+00
1.300334888241409859e+00 -7.714789188167969769e-01 9.384579733386310352e+00
1.410662647349137933e+00 -1.043734754845402790e+00 8.418430959239747935e+00
-1.596317202220490117e+00 -1.586317978386091454e-01 9.046557350695415778e+00
1.152238057566209589e-01 4.499209823216927806e-02 8.655110558904077322e+00
1.680084587325716416e+00 -1.177479966454910709e-01 8.725508251087937595e+00
-1.332810441120898304e+00 8.322028572480837383e-01 9.170855592180839011e+00
-6.199537252295783674e-01 2.386413039107705344e-02 9.334684321929509920e+00
6.091899336252590974e-02 8.429656925177906324e-01 9.261337525791622838e+00
1.408630114914361409e+00 8.303978974033012772e-01 8.925417937049648032e+00
-6.304461089101778271e-01 1.518394004386600438e+00 8.889901639791519372e+00
-4.174642858277621826e-01 -1.221136630940264922e+00 1.007601201283197234e+01
5.759660701473839906e-01 -1.200385935359136624e+00 9.959989340518397682e+00
-1.197896994836824547e+00 -6.161944344427894293e-01 9.914182981791032745e+00
4.539278640580822199e-01 -1.324803980852067298e-01 9.592162133792497158e+00
1.074201482623178938e+00 -4.525602091798504034e-01 1.040078693855450886e+01
-1.237276687176375845e+00 3.745595360176142696e-01 1.006987061108050163e+01
2.731864212527005537e-02 4.117340176095282689e-02 1.050466095877142436e+01
9.351365176790618072e-01 5.113229952488140828e-01 1.063046972503063436e+01
1.405654763288798126e+00 1.880083040811501849e-01 9.696869080746701286e+00
-6.696226615081286582e-01 1.185827740207721082e+00 9.870415642626937824e+00
1.556601465462508771e-01 1.135999075206790554e+00 1.044654694794302685e+01
9.085010150072301283e-01 1.055394249414628893e+00 9.777014189467081451e+00
-9.109477895321020924e-01 -3.299436978503536011e-01 1.082974928174987816e+01
-9.115060520268514210e-02 -8.922968932349135684e-01 1.096325102827063525e+01
-6.759896268675902320e-01 6.759431306268599560e-01 1.085457064619640555e+01
-3.123686867311477044e-01 -1.626697638345291352e-01 1.161665236474983764e+01
6.306846361027843573e-01 -2.782400480195690307e-01 1.128420193895238022e+01
2.140926726252217471e-01 6.320697698267347953e-01 1.131281998771259900e+01
