-4.221319517940429478e-01 -6.131181857260372681e-01 -1.296414561441790170e+01
-5.800017661336624997e-01 3.687168168657652401e-01 -1.307563678603597168e+01
2.531433324450177436e-01 8.079624998514487455e-01 -1.273927079047504662e+01
-4.714786144251945643e-01 -9.928658211325540606e-01 -1.203525581307789594e+01
4.167989385716555639e-01 -8.545372122185597163e-01 -1.247583339784161183e+01
-1.015366970837206395e+00 -9.369712218024517369e-02 -1.228106572850936118e+01
-1.548885802364452502e-03 2.180644554122989145e-02 -1.211611695222916296e+01
7.594097485850552776e-01 -3.280491230762550003e-02 -1.293169323509258106e+01
-6.363913942399932466e-01 8.351603587074344359e-01 -1.219002936956326266e+01
9.597400898352264065e-01 4.913563542530123285e-01 -1.210225320255807446e+01
-4.927986423898005341e-01 -1.267068228686824227e+00 -1.105047922910806335e+01
3.822199740605873863e-01 -1.181837454795001463e+00 -1.153085723289829900e+01
-1.133049301762014238e+00 -5.827152465478349086e-01 -1.140619268017226773e+01
1.554738902022441416e-01 -6.681499151918899315e-01 -1.055077201358525940e+01
1.065831909426852686e+00 -4.644069257237077863e-01 -1.182153031618170758e+01
-1.197402682273278174e+00 4.161790253336505319e-01 -1.143166007143577190e+01
4.547891672515674832e-01 4.454411840589907190e-02 -1.121336501790015916e+01
3.634847832713983817e-01 3.705603690503561642e-01 -1.025506386187788621e+01
1.422953835982929238e+00 7.540184932233025272e-02 -1.075381766967056762e+01
-5.759702852868144873e-01 1.179531644948007552e+00 -1.124997081007548161e+01
2.637480350937666529e-01 1.140181446474604732e+00 -1.179459971275451835e+01
9.985224398639925836e-01 8.829633730228925170e-01 -1.116499830062259946e+01
3.355870260828034413e-01 -1.663043921337489905e+00 -9.248679873322487310e+00
-1.198029835683627198e+00 -8.836875091173368446e-01 -1.044273312734881642e+01
-2.564004592855582132e-01 -1.531750025382208946e+00 -1.010431728366606308e+01
7.409385232132550403e-01 -1.363096401847798234e+00 -1.011306329618730615e+01
1.094769643965441519e+00 -8.605721899510996309e-01 -1.090363438720893896e+01
-1.485828611412841838e+00 9.476347698185648427e-02 -1.044191126998290997e+01
-5.215916108708995580e-01 1.740366814528429562e-01 -1.071232383536752764e+01
1.560031292540614345e+00 3.789753079378077039e-01 -9.809537680919689251e+00
-1.347714684850444655e+00 8.920882338351796559e-01 -9.746279744887814900e+00
-6.384693906533840391e-01 1.381296021440908905e+00 -1.027226263887780533e+01
1.022762320703644923e+00 1.164778776929163540e+00 -1.012054653097938228e+01
1.620755202025631503e+00 6.736619955657255909e-01 -8.851751780038185302e+00
2.521548680514210661e-01 1.406199112467524603e+00 -1.073647625195955868e+01
-6.602185887297054023e-01 -1.573711078572173960e+00 -9.182956985433293084e+00
1.221660078136910910e+00 -1.182658028344519607e+00 -9.224073654782927179e+00
-1.380398872373106656e+00 -9.319021802540845556e-01 -9.446953403297115415e+00
5.298907251170159594e-01 -5.306637709806523162e-01 -9.599677131922405238e+00
1.453119951569411095e+00 -5.958203088817981552e-01 -1.000798799817246731e+01
-1.678479985193760626e+00 2.382491372987262379e-02 -9.364045599477037740e+00
-4.799621103863103144e-01 -6.042341940297291103e-01 -9.769257373506036402e+00
6.922495765883240892e-01 4.541593762833658343e-01 -9.307902306296796269e+00
1.695885439182861498e+00 -2.972640956443370897e-01 -9.081966894978350524e+00
-7.017098648175874587e-01 1.538225987425482000e+00 -9.286619321043616537e+00
1.971693231258143941e-01 1.602270894136524237e+00 -9.757208717130666287e+00
9.895160835355534257e-01 1.396871781240828891e+00 -9.148199119365187926e+00
-1.067864242896789051e+00 -1.490920399607915670e+00 -8.265693304865536106e+00
-1.265775395572319439e-01 -1.816269307243274511e+00 -8.368843981367191986e+00
8.517988935917347737e-01 -1.606301585054652037e+00 -8.388115824604525983e+00
-1.654059886358638209e+00 -7.157134142853607273e-01 -8.509175935358271659e+00
-8.501015281317734207e-01 -1.238008287347156511e-01 -8.821526208303311023e+00
-1.022964069161673706e-01 -8.139839305766685129e-01 -8.848418000410276818e+00
1.579240671078080638e+00 -9.227390512249940002e-01 -8.303705727953413884e+00
-1.806963394624702346e+00 2.571144304987443285e-01 -8.334048877360103802e+00
-1.886252266007062417e-01 7.959657012709923096e-01 -8.785423264520176190e+00
-5.124256864965559544e-02 5.484790245176680845e-03 -8.184321245319864602e+00
7.879513042760060149e-01 -3.469213966857722653e-01 -8.631036496163446259e+00
1.851693180335969968e+00 2.315734604091526996e-02 -8.122425539210354373e+00
-1.403941006257682034e+00 1.078908431535426038e+00 -8.741902709977722452e+00
-4.591528636288444432e-01 4.112318420631425053e-01 -9.687153748528956498e+00
7.704041953084466154e-01 6.302915575558255545e-01 -8.324676736268813215e+00
1.613233303577822131e+00 9.657657982377575445e-01 -7.887508005010303691e+00
-7.409329954240320149e-01 1.676814552322658747e+00 -8.271041613764580802e+00
1.252505218946875498e-01 1.762181851881402528e+00 -8.770534093333765213e+00
8.979014363305148905e-01 1.615740538495306078e+00 -8.149622751948939481e+00
-1.451159325182715065e+00 -1.287723542715369263e+00 -7.354297702727819797e+00
-6.068753726427473794e-01 -1.832399085868630095e+00 -7.445729434280565329e+00
3.911664837004599216e-01 -1.885904788838814738e+00 -7.484587729557375724e+00
1.286957441128578905e+00 -1.441586063701009834e+00 -7.425567034940016242e+00
-1.872046937811447265e+00 -4.039259264392143223e-01 -7.583408707045720121e+00
-8.853894338547831921e-01 -4.430910613902199202e-01 -7.834288047349090789e+00
-2.356128524677103542e-02 -9.570662943675358747e-01 -7.846391797863176976e+00
8.891981230811009107e-01 -5.130207546508813721e-01 -7.645063123619891599e+00
1.843495148412605866e+00 -6.167103548017252024e-01 -7.318695294841546684e+00
-1.842982022930002017e+00 5.929617384734632290e-01 -7.392602129125791066e+00
-8.514995431444134510e-01 6.486979723813760534e-01 -7.995450741042915865e+00
9.331798609592093507e-01 4.492064622454732814e-01 -7.335429072213258905e+00
1.927812358811552551e+00 3.652500662968929390e-01 -7.144219099009291085e+00
-1.294306198620546411e+00 1.428084843370877710e+00 -7.472703670545058685e+00
3.751675169475758576e-02 1.116252530193245107e+00 -7.834197995427629735e+00
1.516819671179413742e+00 1.276482737021881197e+00 -6.941839101752705687e+00
-3.569767761456432709e-01 1.906778304437406035e+00 -7.356362901292371248e+00
6.366489312021283986e-01 1.848973195834642036e+00 -7.208158511552696268e+00
-1.192119435879732237e+00 -1.641280491684071308e+00 -6.451906360417126507e+00
-7.942865388615416578e-02 -2.013035016447801695e+00 -6.605109433982192968e+00
9.254216247036062271e-01 -1.794067836181554298e+00 -6.560708132572017348e+00
-1.849132765007112766e+00 -8.200837028786338578e-01 -6.515232041972168986e+00
-6.326045536779218992e-01 -9.235893489040876148e-01 -6.886616765846326871e+00
3.858393154739869768e-01 -1.007060745554142045e+00 -6.906019213951466895e+00
1.679033948016079858e+00 -1.136253944303504682e+00 -6.464905649479334215e+00
-2.020614581954632172e+00 1.733334154765654722e-01 -6.457481086946685878e+00
-1.170525276901074108e+00 -6.518104189312623475e-02 -6.929029820275388829e+00
-7.187252081429562622e-02 8.707600203754116419e-02 -7.183710639068095816e+00
1.098488145760397661e+00 -3.254242719188624733e-01 -6.677633597180260949e+00
2.035497636388089227e+00 -1.699110076986016793e-01 -6.292634756425144360e+00
-1.685687576993728953e+00 1.112095477505760099e+00 -6.551994970401480600e+00
-7.375639884342461983e-01 8.465938152492725743e-01 -6.827039888663321676e+00
2.526130197416087131e-01 9.969438407647106537e-01 -6.823955473512612002e+00
1.837374072832061334e+00 9.377890472094418950e-01 -6.053130294640538978e+00
-9.348157715550939884e-01 1.790865900542758071e+00 -6.544459643344012534e+00
3.002935887066261397e-02 2.030784581911462272e+00 -6.424233852966949598e+00
9.938420326185758435e-01 1.787954120654978052e+00 -6.257599818691446103e+00
4.138352783485442221e-01 -2.047776141159459939e+00 -5.723693785815186175e+00
-9.182982845893405965e-01 -1.908688511565841850e+00 -5.332782952652905806e+00
-3.837281837606667523e-01 -1.319486253444495105e+00 -5.945925579840235287e+00
6.012255281634506510e-01 -1.078048852572777605e+00 -5.928704513480951732e+00
1.465662747818298417e+00 -1.507674624260815222e+00 -5.545330930487779142e+00
-2.069225299712073252e+00 -3.561036637998427068e-01 -5.586012594884536497e+00
-1.012185135180118323e+00 -5.427745653594229225e-01 -6.036578041121899219e+00
-3.348247875578636013e-02 -3.570055631544022390e-01 -6.230190973554343259e+00
1.264764370177281494e+00 -2.670485895016980749e-01 -5.641991078216292976e+00
2.003407034031829514e+00 -7.264562221891850413e-01 -5.146378710093983955e+00
-1.162353438101803249e+00 4.486380338792220757e-01 -6.011297749622812603e+00
-4.082971177722924949e-01 1.298736389890557397e-01 -5.435348622202781144e+00
5.590314903327276985e-01 2.366114797955878035e-01 -5.132512278255219940e+00
2.100905905038797705e+00 2.437606474101319809e-01 -5.376353012699212286e+00
-1.998177897009298931e+00 6.702028807839031099e-01 -5.478876323011789395e+00
-3.131400512183262208e-01 1.004586357467191826e+00 -5.914957193031654015e+00
6.496750706138515463e-01 3.943507102096129868e-01 -6.116542829963933059e+00
9.758800447686944990e-01 1.115254934783472152e+00 -5.503610942266647044e+00
1.825791593698791182e+00 1.121478409090701733e+00 -4.971408649706575034e+00
-5.857615891426348753e-01 2.013570909617773186e+00 -5.620588451192176649e+00
4.134163799912722870e-01 2.065681835367344288e+00 -5.491599317531850488e+00
-6.278454471035956885e-01 -2.086023711455396779e+00 -4.385256238448178578e+00
8.985271704529363204e-03 -1.447058356832542358e+00 -5.002752108113426743e+00
8.394340160699028663e-01 -1.982098043942414733e+00 -4.818577772305303597e+00
-1.661550037113556755e+00 -1.277034788512040109e+00 -5.639578176158067890e+00
-8.677048113567025212e-01 -9.057351128548845054e-01 -5.108389066950309143e+00
8.690140328724079710e-01 -9.255099589268382942e-01 -4.946263845769863110e+00
1.637265418032625153e+00 -1.424268938785999694e+00 -4.530642238256277210e+00
-2.133878666609916763e+00 3.979830543812489796e-01 -4.520229483297185880e+00
-1.315467766090080204e+00 -1.475021860223080239e-02 -5.007763587100001246e+00
-2.648755452659656839e-02 -4.819808541966068560e-01 -4.718808745338066046e+00
1.413185982949523467e+00 1.653846834909371982e-02 -4.658140593987894817e+00
2.118998403366475713e+00 5.578638448140004202e-01 -4.153706419698480090e+00
-2.415324551134148123e-01 4.624977615748402937e-01 -4.451448870235140021e+00
-8.494432892568681837e-01 9.635037747126073970e-01 -5.069586273972490176e+00
1.223426432230386718e-01 1.247081346284554693e+00 -4.953742750297905673e+00
9.464108149880430254e-01 9.064505369728353967e-01 -4.495642465221308726e+00
-1.463017233152626773e+00 1.498661607359488501e+00 -5.655790992447080612e+00
8.822282967975032808e-02 2.167559367786839886e+00 -4.542695424249203029e+00
1.063194706224482644e+00 1.876344390362648218e+00 -4.752973595939792517e+00
2.741506905716705744e-01 -2.184372063777630046e+00 -3.955445873223126796e+00
-1.535937145446055752e+00 -1.523501363170552736e+00 -4.642981207617182804e+00
-7.503285557717873644e-01 -1.123220915390376717e+00 -4.131833420147330571e+00
2.662878508460438387e-01 -1.174557210669007645e+00 -4.041851324465383755e+00
1.196757632076388633e+00 -1.860583574250213701e+00 -3.736809802146069615e+00
-2.065919649527117485e+00 -6.459990123683070351e-01 -4.623119520645204261e+00
-1.323322391224735384e+00 -2.855456897924710802e-01 -4.031466588265431028e+00
-2.794228400307332549e-01 -3.322171538414409042e-01 -3.720118246931704675e+00
1.156228968209930263e+00 -7.189398846921477571e-01 -4.008323804519790201e+00
2.149091817217616995e+00 -4.453182608847896518e-01 -4.086762574501506151e+00
-1.148030221463983480e+00 7.268846744113627301e-01 -4.104663656510183500e+00
-3.589705597355390410e-01 5.934435008511411702e-01 -3.347148931757658374e+00
5.873567450355938746e-01 1.171591575755654840e-01 -3.984392047022609518e+00
1.373139949299285956e+00 6.724583643765960073e-01 -3.386794773602289865e+00
-1.727322025003914518e+00 1.296236778473829565e+00 -4.704841448586250863e+00
-3.687462091221078708e-01 1.390400020861266794e+00 -4.083127185594420894e+00
4.771799782110723309e-01 1.089495300911136777e+00 -3.631005073453337673e+00
7.934042602054078852e-01 1.156769293493243644e+00 -2.478238294320590285e+00
1.656601325046945128e+00 1.444171888087721900e+00 -4.029634460941082352e+00
-9.501467188105010564e-01 1.940235634997386160e+00 -4.691896484236394826e+00
8.767212699257914688e-01 2.029522678693747917e+00 -3.767096213544064653e+00
-1.290038207851083030e+00 -1.805330713131525044e+00 -3.594337181412612381e+00
-3.218169908615351460e-01 -1.196924291971939169e+00 -3.217874025706890961e+00
1.414741675979463764e+00 -1.752231106180772713e+00 -2.765890606936252993e+00
-1.946485741233672684e+00 -1.056230792870834989e+00 -3.686941223147215396e+00
-1.284887083734830071e+00 -1.029481388957620425e+00 -2.928455714867126858e+00
7.269110108063483455e-01 -1.117622953219509441e+00 -3.129858056506549246e+00
1.883865469234217827e+00 -1.184581580935514467e+00 -3.449312428116257934e+00
-2.217420879666491373e+00 -9.937058056559067154e-02 -3.577457359546130533e+00
-1.136734967953941577e+00 -5.002747924326911289e-02 -3.072757147354820972e+00
-2.087532010997676934e-01 -4.655633822498401742e-01 -2.528124616257386492e+00
5.430771223677345327e-01 1.259794683830440243e-01 -2.984523263526952519e+00
2.227732027625661360e+00 1.773310833085765259e-01 -3.225605440434023308e+00
-1.215917531177439059e+00 1.055553413708867128e+00 -3.083058193413876324e+00
-1.168466617303778321e-01 1.457561685801486817e+00 -2.892347319840368414e+00
1.044031184152861336e+00 9.126182186738370783e-01 -1.538374383809951951e+00
1.311536860842939856e+00 3.141823381846961527e-01 -2.311241482526668278e+00
-9.744111519316902559e-01 2.027465072704903282e+00 -2.840079155656397347e+00
-9.226834159990460194e-02 2.218626733745673540e+00 -3.557574960603503200e+00
6.903554267442467696e-01 2.144584949469734880e+00 -2.739919674882585809e+00
-4.380499776776503040e-01 -2.190884456063969310e+00 -3.238644848507547636e+00
-2.391484208778393850e-01 -2.257425679073818969e+00 -2.181987119655317997e+00
5.291866313921488318e-01 -2.181171154596427186e+00 -2.977668867904398553e+00
-1.821541317226376577e+00 -1.356476807941390916e+00 -2.141955077928173523e+00
-7.370672972734979567e-01 -1.220464910478256115e+00 -1.956874677415996189e+00
1.038453081599401751e+00 -7.935621080332140309e-01 -2.195677589964347476e+00
1.586570405919254911e+00 -1.637197205535741773e+00 -1.784001685633640477e+00
-2.174937878927792667e+00 -5.941244297376471195e-01 -2.690843424609624890e+00
-1.333846621482905448e+00 -4.299136149384708006e-01 -2.098695771144718947e+00
2.094021468157885035e-01 -1.358172389120724688e+00 -2.287033958924268973e+00
4.423385629309014577e-01 -8.117592091537062515e-03 -1.873584040997243960e+00
2.034662904579496168e+00 -9.875745001991447225e-01 -2.471967555082059675e+00
-2.032126734215552233e+00 8.847063005229779398e-01 -3.649107909076391820e+00
-2.687206306171390224e-01 5.779610195802898920e-01 -2.331768070755430244e+00
-1.496835496747124239e+00 1.470152640046139825e-01 -1.204263322862644259e+00
-5.600700283783623945e-01 7.956157987860519240e-03 -1.534121307428350178e+00
1.414952155935333522e+00 -3.809609386513841400e-01 -3.043757029892390165e+00
2.045904251696073040e+00 9.568344144012796981e-01 -2.569904940186049203e+00
-1.727138821982549644e+00 1.468622599777501758e+00 -2.287704064254853620e+00
6.299944101432415622e-02 1.370749616685672745e+00 -1.812508292273349753e+00
-8.415358652560627206e-01 1.061331184215268175e+00 -1.447892755468288328e+00
1.695056804681100704e-01 6.506575935374762087e-01 -1.111045300434028604e+00
2.024653922740579315e+00 1.067217779723740767e+00 -1.320062139653813915e+00
-1.401191195299659853e+00 1.706741991668180081e+00 -3.819975278600907131e+00
-1.823159065893378283e-01 2.260413851412416353e+00 -2.265489653348780053e+00
7.320264781150743749e-01 2.160335857184405128e+00 -1.730483757224689612e+00
1.509062672955383988e+00 1.657247953669714668e+00 -3.058874400507122004e+00
-1.123870325289772154e+00 -1.960016815418640590e+00 -2.545641177098062258e+00
-1.535494191074349146e-03 -2.291028462520287690e+00 -1.168168309691466789e+00
7.397447788779293321e-01 -2.151509467128462916e+00 -1.985633976843885762e+00
-2.013223387852406177e+00 -1.093039685393037530e+00 -1.183442160792566256e+00
-1.261270693577785096e+00 -6.933909432168263720e-01 -5.968434350150033652e-01
9.653731536462271112e-01 -1.092285821099622467e+00 -1.205841669466479971e+00
1.761709579143482252e+00 -1.473847400814165098e+00 -6.361726787637564939e-01
-2.210703818236581242e+00 4.356903538897441974e-01 -2.732115779200711358e+00
-2.264017378461630869e+00 -2.776123334218993932e-01 -1.731254415177190253e+00
-4.595194933585844410e-03 -8.258386454820652034e-01 -1.401596839356258783e+00
2.121232675994584316e+00 -8.526504440648494665e-01 -1.466973520746037707e+00
2.270336801679037730e+00 -3.679669555532427694e-02 -2.160600195882224739e+00
-1.264226549730182114e+00 5.613066524799865675e-01 -2.213363614353553999e+00
-2.305348453350006821e-01 2.278080871057496015e+00 -1.256330776421989981e+00
5.636144042030540868e-01 2.226596805446940497e+00 -6.487957310432079794e-01
1.417738357744023459e+00 4.852639485650596662e-01 -6.875301833681390917e-01
-1.048272641255394433e+00 2.024724205389577314e+00 -1.776397505203831884e+00
-2.912563899847242510e-01 2.280803007736061261e+00 -1.130718065335685196e-01
1.549097420630380251e+00 1.664475825424628797e+00 -2.038855072509150546e+00
-9.524631048012963674e-01 -2.078589973061227170e+00 -1.453811992634342687e+00
2.712308577311202118e-01 -2.283203512518113598e+00 -1.532569810973711810e-01
9.724091688707516834e-01 -2.078178054886961945e+00 -9.006951122457280690e-01
-1.482190377441867213e+00 -1.754531861283680882e+00 -6.520417710181760640e-01
-5.417390995475699356e-01 -1.442175469754616302e+00 -7.948370944780549507e-01
4.808685689019776555e-01 -1.302628100157804170e+00 -2.950171414101134815e-01
1.203854555189349140e+00 -1.959029358113710373e+00 8.076560042737658540e-02
-2.283032224089637907e+00 -2.462169425841835846e-01 -7.148442201058884393e-01
-2.875244969916508353e-01 -5.410976501607791533e-01 -4.116036271698959581e-01
3.157448405119003820e-01 -3.463962189539131487e-01 4.479530615429643259e-01
1.340666119710717030e+00 -1.898449444560554866e-01 -1.443705008583364702e+00
2.220817073864088442e+00 -5.918370291564798436e-01 -4.190838737226698640e-01
-2.164583440257231928e+00 7.169260708355087441e-01 -1.766187276723556465e+00
-2.167854719077084269e+00 7.562669629239354707e-01 -7.469404007784561372e-01
-6.708589525797634678e-01 4.082150642420105946e-01 -6.188378680116812802e-01
1.999274078751718531e-01 5.037355269369196975e-01 -9.752711750701337223e-02
1.165731155387237816e+00 6.473683115377526498e-01 2.671639411918132478e-01
2.288376178096968694e+00 1.159989086270698938e-01 -1.148204686940289321e+00
-1.740769104718992821e+00 1.486773585242946449e+00 -1.284598734182949897e+00
-1.344026631558392637e+00 1.153148818375702378e+00 -3.416609824667347084e-01
-3.267165566254561782e-01 1.390917994095837829e+00 -5.696965062397794100e-01
7.900962676655526318e-01 1.245882891224791678e+00 -4.773727624796748614e-01
1.880329033565218744e+00 1.323067438518769956e+00 -1.979630608477265241e-01
-1.074624289103169872e+00 2.028799224049778527e+00 -7.632605202161073521e-01
-1.169759245008762605e+00 1.979151446551659310e+00 2.577060683583561884e-01
1.167267700986705625e+00 1.981001340164985081e+00 1.137530124992326142e-01
1.403262844381003349e+00 1.813148792683014099e+00 -1.042297173570148061e+00
-7.239254518693911677e-01 -2.182347571742667469e+00 -1.389161949094130932e-01
-4.278440145916704296e-01 -1.295054420913970716e+00 2.790895943427011416e-01
7.374964209992439512e-01 -2.171938795337268857e+00 9.614103360105963336e-01
-2.047519971020378193e+00 -1.046287745290172211e+00 -8.312588105908957914e-02
6.305304213809431735e-01 -2.023866894533483674e-01 -6.810878329553560206e-01
9.500490002588991567e-01 -1.129147311619973948e+00 5.863027131190406971e-01
1.941093611848983880e+00 -1.231484757240778549e+00 3.182853951866179698e-01
-2.287277955029608734e+00 -2.240641024334451004e-01 4.379716830295766750e-01
-1.550368906844084904e+00 1.859962029203839629e-01 -1.830024538575258930e-01
5.244132042374875791e-02 6.147535859706843020e-01 9.049174898821428226e-01
1.359121139013741875e+00 -3.157284277094021263e-01 7.614522369779624759e-03
2.267896671975589307e+00 3.782925315153327084e-01 -1.673830985394886284e-01
-2.159012307936450270e+00 7.891277758093150352e-01 3.364370006086284670e-01
-7.751046678430668635e-01 1.073200051546210121e+00 4.784798825095725183e-01
2.098382979390299441e-01 1.462732488717697343e+00 3.289738415313345765e-01
2.194358534520225223e+00 6.741707969259613797e-01 7.889662089413270740e-01
-1.754930029581998951e+00 1.477357865895955857e+00 9.399765898601497582e-01
-8.424194569337828398e-02 2.293228661049957484e+00 8.687578657589867248e-01
1.692449608378081338e+00 1.549828349608320943e+00 8.613695987032341517e-01
-1.069325149748564741e+00 -2.025217536991661404e+00 1.225317973070003896e+00
-2.342146290476989634e-01 -2.284113841130064770e+00 7.350367295182759220e-01
9.251360548269168538e-01 -2.079682233686696691e+00 1.942793328154216237e+00
-1.487636200977220824e+00 -1.752318471918698606e+00 3.557471681063396618e-01
-7.494568030542723136e-01 -1.238194116416565294e+00 1.779142981586201877e+00
5.912856029701858002e-02 -1.446169908247895819e+00 1.197811114184815340e+00
1.577138153041800939e+00 -1.661556240251471195e+00 1.178508126506657483e+00
-2.027451275010363929e+00 -1.068749346705359926e+00 1.106279539966626979e+00
-1.244019877488540260e+00 -7.202767982163464922e-01 5.115283256399892897e-01
-4.079106486949513055e-01 -5.563944341272133443e-01 1.123768203236511276e+00
8.989184420073369486e-01 -1.037646206058468579e+00 1.583997401758527657e+00
2.275481597427039926e+00 -3.129706603885580307e-01 6.384182933549730210e-01
-2.282992603182208313e+00 1.444637837778720291e-01 1.388911473465971325e+00
-1.405011637068781738e+00 3.784375742368714657e-01 8.622212810046993026e-01
-6.092226042366775118e-01 7.810029697987788677e-02 3.288889696903470328e-01
4.674373409318500761e-01 -1.412196637834739477e-01 1.441980397359374333e+00
1.363552313076224154e+00 -5.457809934341639746e-04 1.013167819389642954e+00
2.280139754304733923e+00 1.139893586408949472e-01 1.634260756095299527e+00
-2.034741333224516779e+00 1.027942809906156940e+00 1.791758293140231384e+00
-9.965431247980660601e-01 1.046036428917316519e+00 1.485849800910496343e+00
-9.981577338463409887e-02 1.498196952104400959e+00 1.479245694892767471e+00
8.650675868173220984e-01 1.104829956725235984e+00 1.344989130394087073e+00
2.008200435486357627e+00 1.083361062896887717e+00 1.692830117212307917e+00
-1.435810691208629919e+00 1.760319170947665102e+00 2.123348836036766496e+00
-9.870791569289849576e-01 2.066260738327646784e+00 1.242694892223862757e+00
8.834380244591693021e-01 2.115309508314618281e+00 1.070112750873917884e+00
1.371809211894329472e+00 1.815983878571164167e+00 1.954570018057493419e+00
-9.571429517314840041e-01 -2.053915417481434247e+00 2.327486101519294692e+00
-8.550559194340223712e-02 -2.278737774369474778e+00 1.760551595042528561e+00
1.178773988178159593e+00 -1.910812784743711745e+00 2.958730551731013847e+00
-1.704473645794124081e+00 -1.508433260536008902e+00 1.945968554849956789e+00
-1.339979529855853002e+00 -4.012309691718201066e-01 1.491768689902725153e+00
1.738367305939571006e+00 -1.457070671616889967e+00 2.247624433216409479e+00
2.113697855240790346e+00 -8.696485766667478856e-01 1.498567704911165421e+00
-2.244091833454788798e+00 2.574102087517285420e-01 2.563329409876942133e+00
-2.184254598153401616e+00 -6.330129545572873440e-01 2.025789686300814907e+00
-2.313848487829233136e-01 5.453377430570506279e-01 1.896165073260666523e+00
1.377087431384241611e+00 -2.475728293762244903e-01 2.006404267968358912e+00
2.215213805160384464e+00 4.367411674126303045e-01 2.592857079308034773e+00
-1.914570029252956829e+00 1.183975985748413562e+00 2.794158520254272915e+00
-6.128100638884887985e-01 1.272117259211225093e+00 2.496882323074587795e+00
3.873233838432398324e-01 1.290127492136796894e+00 2.416974598977906563e+00
1.227993229709201994e+00 7.316201266789722490e-01 2.231646457129509820e+00
-1.010485671101420735e+00 2.000574052932820202e+00 3.061025493641520878e+00
4.516881559393223777e-01 2.230166655969472611e+00 1.972588869692330604e+00
1.048840384619285748e+00 1.987289214515707725e+00 2.906258624203021057e+00
-6.613562281024201184e-01 -2.059690792489107025e+00 4.644656409882362169e+00
2.390259137781607646e-01 -2.236620851803877486e+00 2.843131067743203122e+00
-2.894399195521799584e-01 -2.195300868916660875e+00 3.693218605519340336e+00
-1.650808156651621061e+00 -1.522448836280673845e+00 2.944890434234483934e+00
-4.575273727567434889e-01 -1.491970921188553234e+00 2.994970118425199335e+00
1.591643132167591956e-01 -1.401742724203785428e+00 2.211502176326219704e+00
1.872501111998314594e+00 -1.219478271840628736e+00 3.230286416311363595e+00
-2.145324595770944143e+00 -6.532524075440448996e-01 3.027288750605073187e+00
-1.277415288761673651e+00 -6.416694506267646148e-01 2.465583963524839550e+00
-2.368642208480480349e-01 -4.622978690994301587e-01 2.164417546653213620e+00
9.574766325959968016e-01 -8.575246491442243268e-01 2.773123884085137547e+00
2.183009707842043401e+00 -5.856743655151319672e-01 2.519022934300189753e+00
-2.121194028671581577e+00 3.807462763710470210e-01 4.777630509293754990e+00
-1.477847588256523181e+00 1.152362049002461641e-01 3.221605447638435482e+00
-1.280241626817982592e+00 3.534775707300276681e-01 2.213943257474153548e+00
4.721199965071127269e-01 1.435584793625078459e-01 2.532274790667986331e+00
1.340878204245933736e+00 8.714852986132780310e-02 3.024611832143361045e+00
2.062485723448041597e+00 8.131626388381851811e-01 3.635295427625676812e+00
-2.032769929672539888e+00 8.723134576407390872e-01 3.741183586691485985e+00
-1.048561882513311616e+00 1.009965324403336639e+00 3.380629308869866456e+00
-5.031925974997761841e-01 2.548515297647538369e-01 2.839946468724730444e+00
9.597818823689092671e-01 1.004162389756531937e+00 3.206811407585822948e+00
1.811898977943849909e+00 1.337033591455202286e+00 2.773402356569536487e+00
-1.662312456646574788e+00 1.360295588996813798e+00 4.890537155928885049e+00
-5.362799727136433603e-01 2.206723241824072534e+00 2.148751384981312462e+00
7.542021711370087977e-02 2.244504979784836873e+00 2.942023370612126598e+00
1.499938510643212153e+00 1.620430254041612228e+00 3.823210441591568198e+00
-1.218306824954225931e+00 -1.841615901629992891e+00 3.822203178426937242e+00
-3.700670282613600648e-01 -1.233102438781457977e+00 4.142350996363747484e+00
1.361118209416267932e+00 -1.731429787870169434e+00 3.938130234525234918e+00
-1.922946168660430999e+00 -1.075022863685305197e+00 3.925005259208773634e+00
-1.072261256005361929e+00 -8.281845644653316185e-01 3.429053786105116686e+00
4.437805691286051402e-01 -1.447762613506242246e+00 3.489962729623458770e+00
2.018457124868000108e+00 -8.516084920088076160e-01 4.162065487605912217e+00
-2.200931929026182843e+00 -1.140039483696426714e-01 3.908211727850836148e+00
-1.244191695843639422e+00 5.866726021574243388e-01 4.337491878834523362e+00
-4.772811923942299472e-02 -5.994946265536498231e-01 3.200318562055574745e+00
1.136106196056741791e+00 -5.957178935748004278e-01 3.739512143973590330e+00
2.218990006960694927e+00 -1.622704603830698034e-01 3.459292069266454828e+00
-4.650288646203222243e-01 1.255618467752486200e+00 4.267224483397130008e+00
-2.373759565644206759e-02 1.313526488362134259e+00 3.351013092354659051e+00
5.795432236284556726e-01 1.150743627941792191e+00 4.196713726292226276e+00
1.256267691712987133e+00 3.830631820871568949e-01 4.066527800722981034e+00
-1.307760224363192947e+00 1.766661691371527176e+00 4.023581784199258493e+00
-3.796227207567426376e-01 2.173984527272683209e+00 3.847685289263295783e+00
6.256699535778732502e-01 2.118559482776458225e+00 3.803907340056528419e+00
3.264429024654766365e-01 -2.148265159982400974e+00 4.481666362359677080e+00
-1.523170943881908102e+00 -1.528300204045294208e+00 4.735372604276069097e+00
-5.215901764580195277e-01 -1.052732995815532036e+00 5.174252752780257758e+00
7.657008108671192748e-01 -1.198165529199386015e+00 4.555933093086182772e+00
1.693083492372896792e+00 -1.311134335222746472e+00 4.991454955747688160e+00
-2.060973622171076158e+00 -6.230074286013120854e-01 4.809778699415853787e+00
-1.136441012964809261e+00 -6.172290726126590243e-01 4.421732077826006524e+00
2.480718110883934069e-01 -4.234495184949196300e-01 4.180028193158863203e+00
1.313659193972750439e+00 -3.488561133141985238e-01 4.770266573617680805e+00
2.054748742942545281e+00 -4.813865292253041162e-01 5.440366310543065076e+00
-1.200374499337286238e+00 6.055184296471814026e-03 5.202058010011095135e+00
-6.327920129371165103e-01 -7.999584836653639286e-03 3.805657860394414893e+00
2.573046604895529166e-01 3.412890722746717009e-01 3.512440169428903136e+00
2.169302822338857961e+00 1.023237908465939594e-01 4.502456270623095946e+00
-1.908751406296573805e+00 8.500739732200125465e-01 5.719631104537168831e+00
-8.058563486065537518e-01 9.406538405921937018e-01 5.232501823315935496e+00
1.817141919118538951e-01 1.226521578503499965e+00 5.118466253590640669e+00
1.154786399525471907e+00 1.822059437933646997e+00 4.744068736494554628e+00
1.867684834166664976e+00 1.096359460055012391e+00 4.604230815287448486e+00
-8.043140438385876223e-01 1.993795557191198276e+00 4.859755495467246611e+00
1.963323893736327042e-01 2.150268224131453021e+00 4.711133960241210339e+00
-1.033808672169655551e+00 -1.830180097139773920e+00 5.554696516697074316e+00
3.935262689549201554e-01 -4.195415941547366856e-01 5.197860739477182079e+00
9.296965649989258340e-01 -1.909874256144021842e+00 5.246888137795860274e+00
-1.757389133288654648e+00 -1.140781655255935334e+00 5.645141761052746787e+00
-9.729337829527082704e-01 -6.370826523192221202e-01 6.009247643583269571e+00
1.883773756495410456e-01 -1.105280502375052265e+00 5.896521744168930823e+00
1.571380180126171089e+00 -1.338555720045633279e+00 6.036730852708751982e+00
-2.086396746719415773e+00 -1.457128874118609474e-01 5.693727777009787161e+00
-1.097865523407094202e+00 4.306272777937961704e-01 6.146990462874573069e+00
6.773529668980116103e-01 9.216855907813685800e-01 5.965785812362599749e+00
1.165002859166973881e+00 -1.235593894216862054e-01 5.762528464541075479e+00
2.046254480487014860e+00 5.231384516654630223e-01 5.417129187722090400e+00
-2.101990208340538402e-01 1.765763900731529557e-01 5.727999535697775535e+00
-3.088847989735370447e-01 1.109687152468857185e+00 6.096875823261709293e+00
1.006829647976819730e+00 6.291058816172474533e-01 5.059129007118214894e+00
-2.480381575966248420e-01 3.303783247519573307e-01 4.668802687214470559e+00
-1.215717000643778078e+00 1.696653505194072098e+00 5.748592011178989658e+00
-2.670857412885823123e-01 2.071728979359556355e+00 5.727577907732513296e+00
7.321445597910467562e-01 1.962372434883291605e+00 5.654111622789207203e+00
-3.410982363288894703e-02 -2.110568086814140543e+00 5.434060305030826044e+00
-1.336741812388183348e+00 -1.523225050722970764e+00 6.473492818711662267e+00
-4.481948940264999237e-01 -1.987538416118468376e+00 6.351419161323388352e+00
-3.817181324832006339e-01 -1.022845705555539553e+00 6.722061007120971432e+00
6.280702755742637589e-01 -1.951827023856125720e+00 6.201722264477911750e+00
-1.894596843770827377e+00 -6.960481687440847054e-01 6.563687437872507857e+00
-9.566872467696470039e-01 -2.012315787635685638e-01 6.939322912752342809e+00
6.953537601874712482e-02 -1.246491811987340270e-01 6.644877913179285223e+00
9.092012947825188762e-01 -7.355299702476827406e-01 6.552254896937019346e+00
2.020000644687097946e+00 -2.151895970430928173e-01 6.419481340400920999e+00
-1.993575338425472410e+00 3.048250216219850484e-01 6.581832803017563016e+00
1.997806432272679691e-02 -6.345259562721139446e-02 7.657699548686257351e+00
1.036870907978224121e+00 2.683224453106347052e-01 6.686838596685449332e+00
1.855982906129340027e+00 8.328053381234893360e-01 6.387508749140763165e+00
-1.556982555218112907e+00 1.280145384385518614e+00 6.593417250286737641e+00
-7.011476802380656181e-01 7.640202280588617167e-01 7.012181418273607747e+00
3.299970894563574175e-01 1.013353677279216214e+00 6.934671952750290025e+00
1.230153676441390953e+00 1.606406460879647558e+00 6.509810208277806431e+00
1.570353267656581897e+00 1.396756148488726534e+00 5.559113053885337941e+00
-7.342329221537369222e-01 1.875011200741761419e+00 6.615456394381523886e+00
3.018075141991198862e-01 1.995558145357169355e+00 6.565413381741467269e+00
-7.741208743711496254e-01 -1.786855716106614977e+00 7.286321459757123975e+00
2.044483104399903994e-01 -1.955053502228381035e+00 7.108931837314236724e+00
1.140885512679943536e+00 -1.614535549029341155e+00 6.997384972591551566e+00
-1.554417455215485688e+00 -1.153672640598827570e+00 7.395022755475350706e+00
-6.260110803966085768e-01 -8.562499596853996309e-01 7.708630711621947462e+00
3.582990577885659111e-01 -1.015449574401884547e+00 7.430524414607824646e+00
1.767484067880647158e+00 -8.350464187462165455e-01 7.214868757308487979e+00
-1.917961594661235836e+00 -2.180958487043085370e-01 7.445363216613345436e+00
-9.966482369133444763e-01 5.612172497242520763e-02 7.928347665900614238e+00
6.090768468189446117e-02 4.167158595542937161e-02 8.664383574653504283e+00
1.007925150910105039e+00 -2.507396749434604999e-01 7.547606632014217887e+00
1.934996120445435785e+00 1.526454635971382368e-01 7.346058101288824638e+00
-1.768501223563845315e+00 7.751447295168530927e-01 7.439855694073139958e+00
-2.901761595108069969e-01 8.960747293933635227e-01 7.918749880366686256e+00
6.857240266871983403e-01 6.359609911227303014e-01 7.927201801092409461e+00
1.594672258428891265e+00 1.091244247123360100e+00 7.427086932306345979e+00
-1.123475929129853057e+00 1.563849073774073117e+00 7.488906933368789431e+00
-1.709245603151856585e-01 1.922866893251125475e+00 7.444198977064689693e+00
8.359063024948584220e-01 1.743119130658267180e+00 7.418930777448466074e+00
-1.010860327245168833e+00 -1.515241472761360342e+00 8.362621501775443278e+00
-1.239452065490667110e-01 -1.856490684282277925e+00 8.050807713688248768e+00
7.887865254330101994e-01 -1.579109552425080665e+00 8.781066851442055565e+00
1.300257088298131691e+00 -1.347922416449947036e+00 7.949524540281813323e+00
-1.664386227021893205e+00 -7.561790552515930131e-01 8.311082257159265296e+00
-7.871332149959187063e-01 -5.266389319617559295e-01 8.768739358335698952e+00
5.810246472707739779e-02 -9.510919539882252138e-01 8.440829693692473157e+00
9.276902987315618354e-01 -4.921763188112464604e-01 8.705211500016128312e+00
1.778502382156478268e+00 -4.954613874897404457e-01 8.167653959400515973e+00
-1.781368911631702190e+00 2.036980767214589816e-01 8.578573161454645657e+00
-8.292904729188990132e-01 4.981055531732070940e-01 8.825797235829693221e+00
9.083441940615811783e-01 5.201658812918407149e-01 8.899048778345161281e+00
1.762351638958219446e+00 4.987302421645278816e-01 8.284074233608439641e+00
-1.445782387228121024e+00 1.114877655385227762e+00 8.329768227214275456e+00
3.563208204524543482e-02 1.028852799135684615e+00 8.868712095950954222e+00
1.229713587554102983e+00 1.339338321182304004e+00 8.387567320218169087e+00
-6.386129297929130644e-01 1.693871251235961051e+00 8.448722169056788189e+00
3.443382644638349754e-01 1.797643721585864052e+00 8.293770852102987590e+00
-1.072397087830040618e+00 -1.296091619136959139e+00 9.341225244253902105e+00
-1.789913385079842101e-01 -1.717866023986459822e+00 9.045319866974256939e+00
6.199538768155018476e-01 -1.489532176837855104e+00 9.762857622557843840e+00
-1.615113512969756471e+00 -4.500184590919644734e-01 9.376853990835982700e+00
-6.744161035513940305e-01 -2.923955971750302751e-01 9.753224745952085328e+00
1.647508206964267696e-01 -5.548494224025262156e-01 1.049973526862948958e+01
1.387981956515184745e+00 -9.054008958740240587e-01 9.498876716228187078e+00
-1.557337889745468829e+00 5.619328828288014943e-01 9.508547623061140541e+00
-4.783034886622203885e-01 2.019146023173643001e-01 1.064623202634095733e+01
2.433318422906284584e-01 -5.776053269932788226e-01 9.452435393166117805e+00
5.839931454254980725e-01 2.762264898398281154e-01 9.983077288704645724e+00
1.712258849722405385e+00 -2.490135999647691278e-02 9.144210888691818084e+00
-1.135054813363737480e+00 9.975659455563283817e-01 1.032766729183219212e+01
-3.374328066476977028e-01 6.510669590533928464e-01 9.747258250624776466e+00
6.919094115289077251e-01 1.346987340327413074e+00 1.031110280274969249e+01
1.437798466801438746e+00 7.483123515959996253e-01 9.718773843142781033e+00
-9.739382225484973787e-01 1.364330796199324958e+00 9.379026112591777320e+00
-5.507484810709684098e-02 1.622562183758617937e+00 9.703208942494477185e+00
8.550470511642946914e-01 1.453960008883086630e+00 9.312264329899106130e+00
-4.606074528214634256e-01 -1.294390885827809257e+00 1.098716936592821014e+01
-3.483436298221818106e-01 -1.529348300419201223e+00 1.001918328754252308e+01
-1.146978138873450348e+00 -9.853256474141858234e-01 1.032261120170236346e+01
5.949116891172278043e-01 -1.137831407092377844e+00 1.136686755532287485e+01
1.100827688218952494e+00 -9.876850154854110997e-01 1.049163602243413962e+01
-1.504300290308066224e+00 -2.521684257915524086e-02 1.036187094129036623e+01
4.512191015457868160e-01 2.301444345378003964e-01 1.107381893914246618e+01
-2.506471963061756014e-01 -4.081043937495678620e-01 1.140838436398532885e+01
1.537651563090891571e+00 -1.561430363505991181e-01 1.014509045728262038e+01
-2.869786235444564682e-01 1.415125043610625299e+00 1.066353791077804125e+01
4.748097088929608689e-01 1.214407859893143371e+00 1.128590512928950496e+01
1.287348828810683354e+00 6.362225597732621418e-01 1.070157760968884197e+01
-3.878314640255098311e-02 -1.062463063830563215e+00 1.214940288478321762e+01
-1.227607855214230881e+00 -4.948026045318272281e-01 1.120440050412845778e+01
-9.097528503566394420e-01 -5.460612921457794755e-01 1.215597728774314490e+01
9.037151195632009415e-01 -5.596507430442159148e-01 1.215002095923063585e+01
1.277266864706731786e+00 -3.217122307318334151e-01 1.123121196719822912e+01
-9.202364827533244807e-01 4.531240606277421312e-01 1.226311837225231649e+01
-1.701745926533249076e-02 -3.990425478349379773e-03 1.229565790964781158e+01
7.113119860336104550e-01 2.785769596919256963e-01 1.292374383640644986e+01
-1.200090070613782700e+00 5.028051610834052276e-01 1.129721966163802094e+01
-2.506085235770001418e-01 6.768576948488654876e-01 1.300949391382282450e+01
3.247037219941918962e-01 9.789905890125015775e-01 1.224615821721527986e+01
1.065945606887489516e+00 4.037551663637717891e-01 1.189998066219061634e+01
-4.635793435721211608e-01 1.124188723089098341e+00 1.162916328897398621e+01
-6.386537490462274036e-01 -2.514935715355051116e-01 1.307729277711739968e+01
3.442075120648590003e-01 -6.509284815134606106e-01 1.298047156019731396e+01
1.128605274354651800e-01 2.504350649197396861e-02 1.368467804436067148e+01
