4.751813154234682912e+01 4.553969410935073370e+01 4.382582566768883225e+01
4.768755047277254278e+01 4.374722358129508848e+01 4.518395704784202849e+01
4.391231343649066332e+01 4.540949757655889840e+01 4.640409818939289011e+01
4.726236974856526984e+01 4.413104073170808306e+01 4.601642176341498924e+01
4.687937922664310975e+01 4.498220712472579663e+01 4.638667319990103266e+01
4.331395966418321564e+01 4.460281192673649286e+01 4.635699590308684037e+01
4.711923543512521917e+01 4.634565465764804060e+01 4.512619792926251705e+01
4.254044425226277326e+01 4.369166373408830850e+01 4.488418690305921643e+01
4.624028698427876805e+01 4.629120835061596040e+01 4.565341161416145610e+01
4.138473954963514245e+01 4.599199517192298714e+01 4.469730377924291531e+01
4.526993413429491397e+01 4.643417738320202659e+01 4.541388208692127648e+01
4.023925010136042602e+01 4.493732379434285207e+01 4.546840568556739015e+01
4.236439148400395993e+01 4.621082049487642252e+01 4.460493568906488804e+01
4.587947874090539102e+01 4.496800932554985764e+01 4.647419082015859715e+01
4.735021640086993244e+01 4.453979022208302752e+01 4.375833824377268400e+01
4.507949128257126148e+01 4.352412810156924650e+01 4.470763157096195073e+01
4.679216204296665182e+01 4.613146882037771235e+01 4.418328818087140064e+01
4.089223231804204772e+01 4.419226855927587394e+01 4.531232594472553643e+01
4.371726268849772623e+01 4.363871240212385771e+01 4.551367063456501683e+01
4.280634371253783854e+01 4.392558042550825803e+01 4.582264690659226858e+01
4.112237361227707311e+01 4.517653645611940760e+01 4.406319724065058097e+01
4.160355072300534118e+01 4.395001440804368542e+01 4.463965069029892163e+01
4.228052152245159334e+01 4.469313204513518656e+01 4.622383774403301260e+01
4.846795892973980813e+01 4.523900551284108928e+01 4.395079320282889057e+01
4.043883517375107317e+01 4.459974068192891394e+01 4.451460326505913656e+01
4.425542844884130034e+01 4.426896552600321399e+01 4.629278043875648763e+01
4.883224133214325491e+01 4.595252177662926130e+01 4.496885822951300327e+01
4.486438091462018463e+01 4.508218257513338756e+01 4.649575907047402978e+01
4.960926655133108198e+01 4.544682411841400693e+01 4.534606640305167247e+01
4.937792864495394696e+01 4.534963560311901176e+01 4.437680272460984554e+01
4.552199747264773322e+01 4.586828701812464004e+01 4.620779283955489802e+01
4.823831836186324296e+01 4.436983685171141190e+01 4.595029012724828021e+01
4.129013233534352878e+01 4.480895635222304207e+01 4.599235419418683790e+01
4.804678925925740174e+01 4.404268546470922274e+01 4.429293132192208304e+01
4.570458123971645392e+01 4.359332479210171130e+01 4.548616025757225145e+01
4.483319870390153028e+01 4.568135012689536012e+01 4.366553496640632659e+01
4.581645368312994293e+01 4.592132143879527462e+01 4.384537867849653026e+01
4.455534047627891425e+01 4.608094726893930471e+01 4.602579829407753209e+01
4.438946183677728641e+01 4.384174369750046196e+01 4.405667229825644426e+01
4.527339673428224387e+01 4.419793899137116000e+01 4.626622777465127712e+01
4.597694589845058033e+01 4.643444847534289721e+01 4.469838120544054050e+01
4.404623175638504051e+01 4.621886344927703050e+01 4.417781490902191877e+01
4.896966550198504819e+01 4.444010556152785796e+01 4.428322125885249250e+01
4.096636277631019141e+01 4.566516505271838611e+01 4.558921832723945045e+01
4.537831620795782328e+01 4.402096168547069510e+01 4.386442517817096132e+01
4.278145739093110933e+01 4.409322302503544222e+01 4.399888440160047764e+01
4.291684898626785127e+01 4.551601952481384217e+01 4.626138463680251078e+01
4.429084945876361701e+01 4.647434361440040362e+01 4.513768624982644440e+01
4.471620725788402240e+01 4.364384054407771885e+01 4.564446950461853447e+01
4.708660799344348646e+01 4.589328072519093382e+01 4.602132676851189075e+01
4.386959386046787301e+01 4.540161051606285980e+01 4.359399818080439104e+01
4.260140842622060120e+01 4.617966366923553778e+01 4.557881073410457873e+01
4.285837801627819488e+01 4.502435338053784619e+01 4.364129248671711991e+01
4.331792490736353329e+01 4.640156067513490967e+01 4.484785747829121760e+01
4.798241180996098620e+01 4.606196821265807984e+01 4.554922759012244882e+01
4.794052843461122393e+01 4.611704304208647898e+01 4.454593366969459112e+01
4.047323221331757281e+01 4.557865932012299481e+01 4.471830965237515443e+01
4.189839990938911285e+01 4.455848491893978292e+01 4.390218422143421151e+01
4.707656374114430520e+01 4.378085472443714821e+01 4.438154456825529337e+01
4.783211493080828092e+01 4.524979651568042982e+01 4.620498720646927637e+01
4.636889743265962949e+01 4.425185277574776421e+01 4.376396480302159375e+01
4.561275031964161286e+01 4.494441722333480982e+01 4.351148810445531012e+01
4.351710272654949563e+01 4.364173280334199490e+01 4.452527428830742906e+01
4.182651262800696657e+01 4.401733275915205468e+01 4.562824154726922643e+01
4.608657313403342926e+01 4.361997525040547430e+01 4.449976196662167638e+01
4.874146218774460948e+01 4.548334544793607392e+01 4.585956636576691636e+01
4.189285588510277591e+01 4.561455502849652532e+01 4.600204114121437016e+01
4.669940316456820284e+01 4.363096464000845742e+01 4.535028971497439443e+01
4.627055368322339035e+01 4.410737481104334279e+01 4.614435818081715723e+01
4.310565726816254539e+01 4.594208308410075858e+01 4.398077375142908352e+01
4.919605370338460659e+01 4.460414107038103282e+01 4.570590304410549720e+01
4.976818425761338460e+01 4.457574954435774828e+01 4.488096207135889415e+01
4.865890615711499834e+01 4.398541811542071400e+01 4.511922427340205388e+01
4.204370870946827665e+01 4.554828309634699934e+01 4.391877509688170278e+01
4.657863003198387730e+01 4.523060270775150826e+01 4.359665159831804715e+01
4.462720919208432235e+01 4.469298339738014647e+01 4.353339425036216426e+01
4.501772400029553722e+01 4.636219932973327218e+01 4.438098327597786863e+01
4.366707104503055348e+01 4.442478557079365942e+01 4.366888629052991178e+01
4.356936582072472675e+01 4.616772951221785348e+01 4.583262448493159269e+01
4.296536753713451162e+01 4.545173270159925494e+01 4.491995856445822000e+01
4.774073644338458422e+01 4.494797805936835289e+01 4.506505753440521289e+01
4.453446630634940107e+01 4.439469612234282181e+01 4.488285296692701820e+01
4.556005882011556452e+01 4.549803363195270123e+01 4.521117004516123217e+01
4.444121575689953119e+01 4.514786049721441685e+01 4.555620234019535530e+01
4.589585282751246353e+01 4.456381714619939061e+01 4.533658379373564884e+01
4.341661980705663382e+01 4.455067305335898453e+01 4.499178450470552093e+01
4.629493002676876046e+01 4.531289181072144601e+01 4.455218378154583547e+01
4.197852324107803668e+01 4.496156205008855267e+01 4.502276108804176147e+01
4.412592378886530753e+01 4.528096487522601876e+01 4.457938707224338515e+01
4.682107039921886127e+01 4.456188767932442829e+01 4.495389305776071609e+01
4.517122805480359204e+01 4.505123045972625562e+01 4.440359062641195464e+01
