4.747727330695005321e+01 4.620195928520323037e+01 4.508646499605485758e+01
4.684996840234140336e+01 4.619943950704828239e+01 4.392503811428686333e+01
4.659442072102845600e+01 4.658416758586858464e+01 4.565663182949747068e+01
4.504881155020738959e+01 4.332801988733051246e+01 4.389867403056106809e+01
4.207595738101588267e+01 4.447058446334385451e+01 4.460208975505260298e+01
4.733537898290553869e+01 4.374903492508801151e+01 4.540318317548994287e+01
4.685202347054185168e+01 4.536389044205731125e+01 4.343071753315641104e+01
4.292478681568540821e+01 4.450058629124320930e+01 4.639161006551630351e+01
4.515209797425480076e+01 4.512833034122047593e+01 4.698781605137765638e+01
4.315603157425728398e+01 4.361346404853161118e+01 4.418452922660787863e+01
4.792610782626663024e+01 4.481708229709880698e+01 4.435512643202318372e+01
4.455912292617476567e+01 4.440692998312455586e+01 4.688239117411146850e+01
4.763174036013624857e+01 4.572893202497016318e+01 4.422430107796827770e+01
4.420297296476863380e+01 4.691892083769198507e+01 4.475848362706241801e+01
4.234879041158740165e+01 4.599922742482358728e+01 4.526325654841014767e+01
4.343960826927437324e+01 4.327417705116860702e+01 4.503060087024881142e+01
4.230446140684750844e+01 4.429441559533096040e+01 4.568034520148849253e+01
4.660151482481580842e+01 4.360267776509978432e+01 4.598436094711043154e+01
4.474406873419289354e+01 4.652025266319873253e+01 4.628421703941834409e+01
4.726630585736414503e+01 4.593518039151810228e+01 4.599131139383179345e+01
4.568732821458132776e+01 4.350939445631517799e+01 4.625112968738638131e+01
4.550772852130921819e+01 4.425996234127227069e+01 4.682302982826632842e+01
4.455656734877989322e+01 4.392922437785667000e+01 4.333032795600605880e+01
4.331982059848280642e+01 4.495740555164616126e+01 4.331504797051532307e+01
4.674332157727168635e+01 4.335836424817520651e+01 4.479342015863976201e+01
4.317327552797293322e+01 4.661149850279339546e+01 4.511086718277527297e+01
4.408208738598050047e+01 4.336418628234257255e+01 4.401025089305321103e+01
4.727913870631850557e+01 4.430783995730283209e+01 4.616131320717932596e+01
4.673213786530696723e+01 4.375360397057475836e+01 4.389933867065269624e+01
4.195755760232879084e+01 4.509666896352484144e+01 4.535707654507337594e+01
4.402131399050097116e+01 4.328663745069053448e+01 4.580672847234997391e+01
4.399345856224900331e+01 4.676955083918990397e+01 4.566390088994446472e+01
4.638516586997137381e+01 4.605934482479410974e+01 4.643788270035044263e+01
4.434605589064155140e+01 4.557838583421040823e+01 4.686163427515691637e+01
4.267841792165165771e+01 4.614823142209434081e+01 4.433414975732971186e+01
4.330096264387584881e+01 4.590935254991019576e+01 4.359069925976623949e+01
4.568483359831594726e+01 4.666600525464366456e+01 4.601107637325429067e+01
4.749926860613483370e+01 4.393215390129617504e+01 4.448156796869990615e+01
4.597769995050151692e+01 4.326583183696465085e+01 4.422395263555172562e+01
4.522426280912056029e+01 4.636851085939038342e+01 4.354179924738068053e+01
4.206636597270551192e+01 4.544065290221200826e+01 4.452685055911913992e+01
4.268514455937408059e+01 4.437582539000905513e+01 4.382206802859266759e+01
4.774796770639596843e+01 4.509487249500352135e+01 4.591821765885827489e+01
4.258629348775809831e+01 4.533110959715308752e+01 4.378546668117975571e+01
4.608741556739403222e+01 4.601379577693035117e+01 4.341802439818357584e+01
4.374605304705185915e+01 4.481247447253890925e+01 4.681282350404647019e+01
4.802994019374978052e+01 4.542334239415838226e+01 4.507606922109565772e+01
4.697297324912979377e+01 4.517036656127145022e+01 4.652886849463582308e+01
4.522479585208382957e+01 4.453881895829157145e+01 4.305363906325162304e+01
4.504266058110425774e+01 4.551736769745464528e+01 4.306218460081379362e+01
4.434592890238836560e+01 4.304887270657194165e+01 4.489571204594199116e+01
4.574959217068553130e+01 4.382136137270930476e+01 4.345274783563475296e+01
4.598317660598503664e+01 4.667762962204476196e+01 4.410613911831640621e+01
4.298106077799381808e+01 4.618095374695310795e+01 4.594653676910994022e+01
4.307324785834282466e+01 4.368096219876827035e+01 4.583577302370057538e+01
4.472330141581419127e+01 4.361621539448741203e+01 4.642594758788830234e+01
4.377962664590963016e+01 4.392749261807587402e+01 4.648588626840992077e+01
4.383984576332717609e+01 4.621448983732555860e+01 4.639593255068548672e+01
4.323874733234549694e+01 4.551296338181241197e+01 4.655724290627922812e+01
4.361634228241396727e+01 4.406442245407552605e+01 4.347005929964393545e+01
4.246028528508360012e+01 4.533693399976763772e+01 4.608832902314119906e+01
4.597953153968003903e+01 4.314246603207945441e+01 4.537950725027458532e+01
4.645572887549377583e+01 4.445265714537873691e+01 4.331484085222436420e+01
4.427668657044844736e+01 4.484778050291744478e+01 4.305584470252907181e+01
4.416497820886624481e+01 4.580481892151216528e+01 4.324436703465700305e+01
4.499460371880431353e+01 4.311499708453180801e+01 4.565971731663209709e+01
4.795666443074480867e+01 4.443825749073526765e+01 4.521959465476302142e+01
4.526080344071550599e+01 4.302046994756283027e+01 4.477134565763049068e+01
4.510021667210563123e+01 4.691558203081885381e+01 4.441935087935010529e+01
4.729838640696974039e+01 4.454902050611448772e+01 4.372862649511576194e+01
4.494395999254744822e+01 4.695649570648936333e+01 4.541214349091290359e+01
4.435803900400696875e+01 4.657701830271003018e+01 4.383518102841830455e+01
4.586192667400747780e+01 4.692127533418891971e+01 4.506611010866397748e+01
4.607451614730693734e+01 4.522903793255508731e+01 4.685691027530135244e+01
4.644308787989739074e+01 4.433191398372674996e+01 4.663386963894588888e+01
4.351022355470499292e+01 4.657642297167302559e+01 4.422531894208843539e+01
4.544636576834408004e+01 4.599654586706213877e+01 4.670503076856082458e+01
4.672143564821537609e+01 4.664436088337050990e+01 4.473047510047183550e+01
4.593137454597926705e+01 4.517198768594043656e+01 4.309377596902993446e+01
4.259885871221293030e+01 4.373854185706966291e+01 4.495712842729483327e+01
4.487148175816423645e+01 4.384998875380482986e+01 4.563250244045339343e+01
4.612259232033812140e+01 4.224902971874244884e+01 4.417995323688117537e+01
4.644248331055735690e+01 4.419518911605001676e+01 4.440408425855485319e+01
4.389244192832676106e+01 4.467386587046028978e+01 4.479186761993121024e+01
4.494378529616543005e+01 4.450396990077830139e+01 4.398216290741525114e+01
4.585529004900990913e+01 4.427156686722196355e+01 4.200490639390417158e+01
4.685619774865217124e+01 4.481013928540424729e+01 4.480816034164422490e+01
4.869845030034208122e+01 4.566534895722557508e+01 4.323265712205010658e+01
4.342100266517585538e+01 4.572874751682564920e+01 4.432241312813082601e+01
4.435172540495878479e+01 4.506301760884043262e+01 4.375588512407782815e+01
4.581869300578416215e+01 4.407218186262637261e+01 4.417499054428606797e+01
4.627683606929691962e+01 4.559153388087577952e+01 4.429026464754095116e+01
4.765825870158933952e+01 4.525997608731194077e+01 4.365331049628722582e+01
4.664218200822714522e+01 4.498845605058682651e+01 4.398036258413519306e+01
4.589814023359119943e+01 4.543319715924801727e+01 4.585110178330885589e+01
4.244982456069703147e+01 4.497359074462603701e+01 4.463649853244560006e+01
4.492121457900244508e+01 4.412680937752923427e+01 4.477306568541598608e+01
4.639308147356100420e+01 4.124401355631131594e+01 4.451634859264274269e+01
4.628878652771862079e+01 4.372487144949747062e+01 4.507179812181225032e+01
4.505176681895772361e+01 4.422544972943627783e+01 4.617182290670815803e+01
4.249876660383953464e+01 4.429505590017456740e+01 4.458493476010842471e+01
4.339822388255377916e+01 4.267673526120130134e+01 4.295223748642339956e+01
4.556973536767218746e+01 4.461681377197057685e+01 4.492528006880384339e+01
4.459510758001609076e+01 4.682324644950733727e+01 4.450863656487569386e+01
4.698400364371574511e+01 4.408527726544154746e+01 4.421378746006201510e+01
4.745202581752512572e+01 4.503540886281147237e+01 4.510351629402265417e+01
4.389447849806271762e+01 4.571810557051039581e+01 4.488859432362802693e+01
4.323046128379388620e+01 4.462180365969501139e+01 4.423010442485443861e+01
4.543236867023286152e+01 4.572741821779078464e+01 4.416335411660115540e+01
4.526718936890948441e+01 4.352534377596808213e+01 4.533428248780019487e+01
4.583539638072713984e+01 4.484935706120254650e+01 4.384786005811773180e+01
4.499183096062250087e+01 4.517610751945240821e+01 4.551868201544592551e+01
4.554535153506228085e+01 4.560103383214460138e+01 4.520796886117653202e+01
4.405519838551565215e+01 4.534937653148564607e+01 4.436212607951278386e+01
4.551045313594570985e+01 4.523657223698718610e+01 4.473145677889757366e+01
4.888032918853976838e+01 4.664977222933043777e+01 4.485564359698982173e+01
4.351637444011699074e+01 4.516392484484594405e+01 4.445543022814324985e+01
4.301396015071940582e+01 4.469134901176243346e+01 4.478949673246705743e+01
4.443169449513963087e+01 4.401813318605307757e+01 4.457300127816993296e+01
4.576454115076386131e+01 4.223063707958196034e+01 4.675425741748448871e+01
4.592822430772399400e+01 4.416463919947241834e+01 4.535894726648221109e+01
4.363559403917064827e+01 4.578141840828936893e+01 4.578116283426673050e+01
4.315000552209976803e+01 4.584440154284295943e+01 4.517398744839728408e+01
4.421843998154677990e+01 4.391740745536560553e+01 4.538763404856293704e+01
4.617191825384006165e+01 4.432478986567954848e+01 4.615876177059465846e+01
4.627806525386159819e+01 4.540451470753979635e+01 4.624137217335054828e+01
4.673286544333215176e+01 4.443023754860833208e+01 4.548314600451028866e+01
4.471945496554710786e+01 4.544421034261173986e+01 4.454850451869889838e+01
4.601176212423196432e+01 4.487794952974058305e+01 4.544944593340816397e+01
4.440843582246802157e+01 4.517320587215223782e+01 4.578886302819312704e+01
4.508620339003326905e+01 4.629748985338468259e+01 4.470562824997485762e+01
4.686526171688007736e+01 4.561264201704049981e+01 4.480245171282302863e+01
4.323952942838678126e+01 4.654753149522508693e+01 4.230665438039647341e+01
4.558478424024659859e+01 4.656434581690558616e+01 4.544142474053715830e+01
4.476829789594835063e+01 4.594083300651121959e+01 4.522475453299295367e+01
4.637657426714713438e+01 4.603532829672352022e+01 4.512201733858332631e+01
4.291689378841756053e+01 4.357221585875003456e+01 4.738782566842480293e+01
4.473965784702186710e+01 4.453695964340644764e+01 4.655684708545996386e+01
4.339669177742012351e+01 4.443992549203640152e+01 4.585412355755415348e+01
4.549651734872851705e+01 4.485736348969886933e+01 4.612378506505308451e+01
4.355544252574285480e+01 4.491336137121973593e+01 4.529906841961070540e+01
4.308107347191183578e+01 4.514472839529720716e+01 4.411491570873072732e+01
4.415039952653592081e+01 4.471670426071124638e+01 4.550171728148565364e+01
4.528981213841126419e+01 4.585685385880671561e+01 4.574040809614440661e+01
4.683370972559947631e+01 4.547278937032481849e+01 4.561535242350900887e+01
4.561133924964001096e+01 4.846420867160763635e+01 4.496932722140147121e+01
4.409761216109153992e+01 4.601703541131445974e+01 4.402036161642072898e+01
4.447237276217076385e+01 4.678107500698876464e+01 4.763979720503865423e+01
4.434556614541451580e+01 4.450387310627685622e+01 4.526858742847159078e+01
4.819488916468969819e+01 4.709172128823070835e+01 4.424114728955967735e+01
