4.080198624070159497e+01 4.414931917789007798e+01 4.385849266765139021e+01
4.273803811935749764e+01 4.367608074702579302e+01 4.370908047961583520e+01
4.514079340814397767e+01 4.456707917747908709e+01 4.695120135089747748e+01
4.136266755591698541e+01 4.485199117701255744e+01 4.341936437007485949e+01
4.583636023266831216e+01 4.515093700127540899e+01 4.302418566369738073e+01
4.970881882147787678e+01 4.475653002434822980e+01 4.621974491538959029e+01
4.543303610327501474e+01 4.370600757838253969e+01 4.651595876119804274e+01
4.757661466250753790e+01 4.319534076140882917e+01 4.505519596125304105e+01
5.021171115843442578e+01 4.575223685418966113e+01 4.434069056765655148e+01
4.739519518764355155e+01 4.346497109363657785e+01 4.600202163466746441e+01
4.755471205068444362e+01 4.478841332100666506e+01 4.320081382820598037e+01
4.415303784461626435e+01 4.688486086955424526e+01 4.438718834466882868e+01
4.335686495501796855e+01 4.692436352951757783e+01 4.504883044901259126e+01
4.934480961581445513e+01 4.624781758585118041e+01 4.439650637079165563e+01
4.344144114604489459e+01 4.413099746319196015e+01 4.672191111992535895e+01
4.568926211474867216e+01 4.314743046928703052e+01 4.571195534193810062e+01
4.193950346257128103e+01 4.620458837878679503e+01 4.622693758874601855e+01
4.443109055232632443e+01 4.318618684921440831e+01 4.418539078810731269e+01
4.592782230005178690e+01 4.609229858167289251e+01 4.335059327802262885e+01
4.778998064575166893e+01 4.487987225660779700e+01 4.676817982654957007e+01
4.167387802218888737e+01 4.662630689537624562e+01 4.535368803068323018e+01
4.710494169074875970e+01 4.415135651531089422e+01 4.666962947924753990e+01
3.925527038763867438e+01 4.443918958747916292e+01 4.500332735569438825e+01
4.229997697184226979e+01 4.633235322187272232e+01 4.381037538206925319e+01
4.322414916613577418e+01 4.667145038018203707e+01 4.407244635534929955e+01
4.486749272494954255e+01 4.486792543717697868e+01 4.300479518902031373e+01
4.829625807471691701e+01 4.417358024471467104e+01 4.354557448471025793e+01
4.275678545349283866e+01 4.360014497594453076e+01 4.621121025173075481e+01
4.174851730381158177e+01 4.380407998153185645e+01 4.382495802742208468e+01
4.759055962524301719e+01 4.584587688612867851e+01 4.659663191196024457e+01
4.430477749420599309e+01 4.695129179241483541e+01 4.538315198664632533e+01
4.952607780196001386e+01 4.573623322130241320e+01 4.609418406935588308e+01
4.387154066248957918e+01 4.584465485629037573e+01 4.677347879175817980e+01
4.262415892438330900e+01 4.670121503014883046e+01 4.569328853242803490e+01
4.757678397348033172e+01 4.680560327742166749e+01 4.513563780982491380e+01
4.067431817633662661e+01 4.432083778705221278e+01 4.620147108109901524e+01
4.727650816754940877e+01 4.388242538716282581e+01 4.352470773085977385e+01
4.506283386767324828e+01 4.300353492922566545e+01 4.494151206132232801e+01
4.857241608683509071e+01 4.577309185008188308e+01 4.641319905379661037e+01
4.854479525315413468e+01 4.513480495821111305e+01 4.338846425549377273e+01
4.224910297271848947e+01 4.539377891862021386e+01 4.673133481546238244e+01
4.582698594011181115e+01 4.537060590848429342e+01 4.694667592160597991e+01
4.687655366661110179e+01 4.631205052015418744e+01 4.362155233840859125e+01
4.068702436236878839e+01 4.638873002082694086e+01 4.499130966174840296e+01
4.050696138315669259e+01 4.596764259854876400e+01 4.409776257302026181e+01
4.925388735648418503e+01 4.359504482774302403e+01 4.513996514588681208e+01
4.247473883424579810e+01 4.441768637952411325e+01 4.671501630385463955e+01
4.357860251212349567e+01 4.666285109746890214e+01 4.600726822398964089e+01
5.092913659993172359e+01 4.531267034204252298e+01 4.488168524632538947e+01
4.443701098803141747e+01 4.391043759882985853e+01 4.666411472499235202e+01
3.978136899204066879e+01 4.595925867229792061e+01 4.478848545909367829e+01
4.138448507877558313e+01 4.582787152184863544e+01 4.363707894008949495e+01
4.373614035278669121e+01 4.339552193088748311e+01 4.611156059872664770e+01
5.014788208904754185e+01 4.598771598990215637e+01 4.531441362681206186e+01
4.523411523660213618e+01 4.685867018634242243e+01 4.574102258797687170e+01
4.098810068447436095e+01 4.616586447949647720e+01 4.592029335622402186e+01
5.066334038582792232e+01 4.434787976546041932e+01 4.484799642838682132e+01
4.066248981787208550e+01 4.531494315151061869e+01 4.634138018054221675e+01
4.242091215689637806e+01 4.678258873477736302e+01 4.470711725098861677e+01
4.681673678432987629e+01 4.508062306979272194e+01 4.690548230861126910e+01
4.664680392315324298e+01 4.312563442199000008e+01 4.542401768262885753e+01
4.495013922135782991e+01 4.662247466016928854e+01 4.382679558250127627e+01
4.395921008221657189e+01 4.446062732204499923e+01 4.310678009480498929e+01
5.050815372183167540e+01 4.517637602389984863e+01 4.578306627798338013e+01
5.003086378611305918e+01 4.406705313074900232e+01 4.557082813967848978e+01
4.772391004949105309e+01 4.654386877231063124e+01 4.410104053264952029e+01
4.053001330867509466e+01 4.370419363193397544e+01 4.471363409517933007e+01
4.001211108678970163e+01 4.402128785715480319e+01 4.550864242570177254e+01
3.938321648082148840e+01 4.516607671411622960e+01 4.432690709844767696e+01
4.035232427190075555e+01 4.503637377144233511e+01 4.374026947345598160e+01
4.618296277654866344e+01 4.668212303659335305e+01 4.601306913375320562e+01
4.228569300321122171e+01 4.446879078090762505e+01 4.329996006414518206e+01
4.602236696434641772e+01 4.306372479264116748e+01 4.464284952187493616e+01
4.308030144731260691e+01 4.314721748317099070e+01 4.537752433666146601e+01
4.210017091163068415e+01 4.332735114895685058e+01 4.550090225491670282e+01
4.890165537561993858e+01 4.371048637458648045e+01 4.419371403365286710e+01
4.922527024823877184e+01 4.637441530543729584e+01 4.538177266469975990e+01
4.468913805176441656e+01 4.382247283018428163e+01 4.338856786001376520e+01
3.982962862707053375e+01 4.487669057976745535e+01 4.599954159477938020e+01
4.225153462774477475e+01 4.547237487146095702e+01 4.328721911427304292e+01
4.104253407815571109e+01 4.362220246750976571e+01 4.558575004682042220e+01
4.694077771524092668e+01 4.324881841612810263e+01 4.428487121615773958e+01
4.629574607649526286e+01 4.362308952298566567e+01 4.361624667410572442e+01
4.246353420752700458e+01 4.324339422595215865e+01 4.457147346576159919e+01
4.402555846111954452e+01 4.634476823951133895e+01 4.355382949714231700e+01
4.909682713807089272e+01 4.398181293344508447e+01 4.605048386842754837e+01
4.718136653895982136e+01 4.656171370250555697e+01 4.602262485291924321e+01
4.984218003724494395e+01 4.396655366278478994e+01 4.442127160439930833e+01
4.415184902383681731e+01 4.482239620541251668e+01 4.697077770070241343e+01
4.407960181529630006e+01 4.303965395811101757e+01 4.522354445257594335e+01
4.655797539391787154e+01 4.446490952444570155e+01 4.314349211514023352e+01
4.146973838374202614e+01 4.478134501736823836e+01 4.659862686954403443e+01
4.148750322339620311e+01 4.340954191035231702e+01 4.471387014372098179e+01
4.770262036146762341e+01 4.576842849133699076e+01 4.338433596928456382e+01
4.639688427010574401e+01 4.355098345416101324e+01 4.629571523551646806e+01
4.497048492878964510e+01 4.585040273037097336e+01 4.318829828815576377e+01
4.829316436129109036e+01 4.648990995662623504e+01 4.576903679377564060e+01
4.402429347590701525e+01 4.545849068356635314e+01 4.308036630711399084e+01
4.848290242044302545e+01 4.661556005213977016e+01 4.475463345701739115e+01
4.559623498319400881e+01 4.419141577605266491e+01 4.318196367679956893e+01
4.603011622752730148e+01 4.697247712294567634e+01 4.506706908708062542e+01
4.311923416160688305e+01 4.596487742159183654e+01 4.336385598555129661e+01
4.813339078744949973e+01 4.401620553962067106e+01 4.639415942956996020e+01
3.988281917761190698e+01 4.430177968509880770e+01 4.423457686049700044e+01
4.793020518408836494e+01 4.346973864996377301e+01 4.416048894000560665e+01
4.483566307091743397e+01 4.555371208273710693e+01 4.692134473971368891e+01
4.148141130546784439e+01 4.649533464443076980e+01 4.437790667452850357e+01
4.311353250307402618e+01 4.499605028748958802e+01 4.310246679638970591e+01
3.922008430866156914e+01 4.536963189997595691e+01 4.537062753240292778e+01
4.590373826556572112e+01 4.676109484365562707e+01 4.409443346787922735e+01
4.451406435993651201e+01 4.648626822261265090e+01 4.633053900794027413e+01
4.678798772085575308e+01 4.543826577416444934e+01 4.313960188874234802e+01
4.857726862113435118e+01 4.605503739697815035e+01 4.378300789953942740e+01
4.945224893598816607e+01 4.547728926590258425e+01 4.374098278933111317e+01
4.319263339800454560e+01 4.510532844765999982e+01 4.690271143448291014e+01
4.175941666589699253e+01 4.388726699990304780e+01 4.625678188719141559e+01
4.292989810277587992e+01 4.609875831344136543e+01 4.652173321820074392e+01
4.003930653972263087e+01 4.583275970770006325e+01 4.575004822261951887e+01
4.926934845087089343e+01 4.449509083051269442e+01 4.368484601164036008e+01
4.613385798578237029e+01 4.434442032430970926e+01 4.685088499888222913e+01
5.016685200742533368e+01 4.481066944014636988e+01 4.399421201464666353e+01
4.538464029509968611e+01 4.332585341277933821e+01 4.391659590658878187e+01
4.508042721119058172e+01 4.698677429883190371e+01 4.474945343027118838e+01
4.876432047172892226e+01 4.479656944276136699e+01 4.654670696179312017e+01
4.472535257595771441e+01 4.325079340098297109e+01 4.595986056354755078e+01
4.660118664597374050e+01 4.602102517430847683e+01 4.663745056312357917e+01
4.345354395936367098e+01 4.315137801287936270e+01 4.444925570713091645e+01
4.682650111206764620e+01 4.683485758655429265e+01 4.447319195041613682e+01
4.373299849070508571e+01 4.362534432057510969e+01 4.361356661308499838e+01
4.547618322981388417e+01 4.623634164574141892e+01 4.656619959096449435e+01
4.837316116666724497e+01 4.345828553653210236e+01 4.559963476807342886e+01
4.497805419875032129e+01 4.445693270072115411e+01 4.597053886596169292e+01
4.563391037530339389e+01 4.489423341643684040e+01 4.500307443333120005e+01
4.633923489650639738e+01 4.584593488986522658e+01 4.432903151846110035e+01
4.636474662135714908e+01 4.548564568346533576e+01 4.582601702851192726e+01
4.854277607684083051e+01 4.428120009360076637e+01 4.495238604867015653e+01
4.800752447741837159e+01 4.487713902562880008e+01 4.419520007297131059e+01
4.420641482768296271e+01 4.437097946100059431e+01 4.408393847343855754e+01
4.268718580622020653e+01 4.498234069718232320e+01 4.406648201166936474e+01
4.930548590001420450e+01 4.504749486679841652e+01 4.525678157136500346e+01
4.111637522498332942e+01 4.518791365807795302e+01 4.437726089871571844e+01
4.365541995098177352e+01 4.522692079607012516e+01 4.398762380059974930e+01
4.856990404261415506e+01 4.559543524354313604e+01 4.472602381825743834e+01
4.625494783918034614e+01 4.440909413373236703e+01 4.423931997158911855e+01
4.292077705775327701e+01 4.584898155677619513e+01 4.459315071823902343e+01
4.680536817425532803e+01 4.611053501904758178e+01 4.517787105657058078e+01
4.702637316755856745e+01 4.501892950182928388e+01 4.403705500865413569e+01
4.313045395743460375e+01 4.414419000941519755e+01 4.545164760785067415e+01
4.502052914504755421e+01 4.402645931481332298e+01 4.506744950315933806e+01
4.169140270449339880e+01 4.439488839800974773e+01 4.464568407208762579e+01
4.464255798518558294e+01 4.503106493723599613e+01 4.500173274920332034e+01
4.570667981181190953e+01 4.606619089547159973e+01 4.534263391363249696e+01
4.566019441823481628e+01 4.518146692035047352e+01 4.401443225560624484e+01
4.436494382111847301e+01 4.532735727998095854e+01 4.604629055036755148e+01
4.753434522327113854e+01 4.568863300321973497e+01 4.459907701915614098e+01
4.321060171569774866e+01 4.419966356091125448e+01 4.442102081386264700e+01
4.397801044890907463e+01 4.440617194675621704e+01 4.592132042103431644e+01
4.666506790506817737e+01 4.496024562551938430e+01 4.501893163872615133e+01
4.081563252842641987e+01 4.498010225899450631e+01 4.533372755706905366e+01
4.353539282193310811e+01 4.586832631134112148e+01 4.539130900485862696e+01
4.515916453436422984e+01 4.589314249741107687e+01 4.452353475834900820e+01
4.596935886430394902e+01 4.456898444506164481e+01 4.589018660544926576e+01
4.704777239439735581e+01 4.403357398824732627e+01 4.521559662915968403e+01
4.253365699985292281e+01 4.484908121577375795e+01 4.504869364018421152e+01
4.520486882059002909e+01 4.429075399771468824e+01 4.411218243393600602e+01
4.470901746700804580e+01 4.603703212781610432e+01 4.541997605957300976e+01
4.173323548343174849e+01 4.471743946969051109e+01 4.563524255864390966e+01
4.764476965105541950e+01 4.574269254842089794e+01 4.559465825415293949e+01
4.773704261547632655e+01 4.483877475186500305e+01 4.515722288477879687e+01
4.712263600286976839e+01 4.484308102397609019e+01 4.594755328503570269e+01
4.402173762185643113e+01 4.401406223153230002e+01 4.500082623007231319e+01
4.252782147428293058e+01 4.570888257905153296e+01 4.558324577942248368e+01
4.466456783232372629e+01 4.525127797213995962e+01 4.392918159026782376e+01
4.414997090870637209e+01 4.588781438029710102e+01 4.458962592315103990e+01
4.537780048974239833e+01 4.538210505289274721e+01 4.603582296723885037e+01
4.357867940216132041e+01 4.495464533449270306e+01 4.497280768835044285e+01
4.605350597566320658e+01 4.394702324489425393e+01 4.511128404038046114e+01
4.321039957291748124e+01 4.505083175497147607e+01 4.590301210314728309e+01
4.193537132133768353e+01 4.560906440287464392e+01 4.477917001547792353e+01
