4.623246581536754718e+01 4.362417504565273418e+01 4.631803197606045330e+01
4.654537606200453581e+01 4.525636470293540725e+01 4.682871947842058091e+01
4.750111151242190033e+01 4.510339346431697294e+01 4.655865959018032640e+01
4.329043203617901270e+01 4.636664527548934700e+01 4.618642052323110647e+01
4.202976633728918898e+01 4.536750029620513658e+01 4.629293692780066749e+01
4.438195001598681699e+01 4.417684096893118806e+01 4.680040942875824328e+01
4.465055246252936172e+01 4.512188359936924087e+01 4.699166381101035483e+01
4.899535336027312127e+01 4.496476460988532153e+01 4.498555856541473474e+01
4.268062497817588508e+01 4.557316037413298204e+01 4.347676495692330434e+01
4.562883313279157704e+01 4.487497114027640066e+01 4.697392830372693595e+01
4.713437368140290573e+01 4.352559521864826309e+01 4.583231702028943744e+01
4.638155893801267382e+01 4.619863495806876585e+01 4.356092482337750482e+01
4.365267560147076153e+01 4.684439372175810234e+01 4.537855301502906968e+01
4.614061966655239644e+01 4.323462952588715780e+01 4.425351983157599989e+01
4.133069741963761601e+01 4.452428380706497535e+01 4.435761092309080311e+01
4.335247019998404028e+01 4.628627271203804838e+01 4.371224324497798364e+01
4.180149769389531400e+01 4.523775654879870700e+01 4.382340458602121203e+01
4.533486294202707256e+01 4.458797470514210204e+01 4.305287528798284313e+01
4.491788925463218618e+01 4.604555922520138012e+01 4.670646566240149866e+01
4.300600334852084927e+01 4.357001190179212813e+01 4.401825377965899122e+01
4.693805579416180507e+01 4.540260056877968253e+01 4.330186069973754570e+01
4.590680245547888205e+01 4.543209730786180955e+01 4.310440956526393563e+01
4.427085920631228078e+01 4.470455043417963736e+01 4.305818862446679418e+01
4.783815730886579587e+01 4.591543789372513373e+01 4.607050973347442380e+01
4.585359854225189480e+01 4.677421801855987127e+01 4.418899071704595372e+01
4.350663569841167089e+01 4.315506440107220953e+01 4.478485378696834118e+01
4.486471290874946760e+01 4.688098133498459674e+01 4.433103248294332843e+01
4.630221193771267707e+01 4.668782223227837846e+01 4.585107887844698382e+01
4.640461694623427036e+01 4.455275271004141757e+01 4.318489012048210896e+01
4.340236760437751684e+01 4.397685295944299355e+01 4.652661938608871139e+01
4.725827236534283315e+01 4.655101155153948156e+01 4.555970044654021933e+01
4.716580303471664593e+01 4.643879031026217064e+01 4.413793609905722803e+01
4.854963018565246813e+01 4.424675731309265814e+01 4.553033725236211637e+01
4.257399071817447123e+01 4.340729512809082280e+01 4.504569827906378521e+01
4.436470011561971205e+01 4.339896976228757808e+01 4.616151530903867695e+01
4.253597870540791348e+01 4.376535199082806571e+01 4.598614098327763600e+01
4.826809318671124771e+01 4.487121659370586713e+01 4.385960083982028834e+01
4.182915464246347881e+01 4.621824796183390305e+01 4.493522168608193113e+01
4.426894113598039837e+01 4.659127904718088331e+01 4.615644459911905528e+01
4.440320482066543661e+01 4.303211158058915942e+01 4.521723162082673753e+01
4.592479903086119464e+01 4.603943296606023949e+01 4.664631323305115984e+01
4.120823524490441514e+01 4.549253932172952375e+01 4.459201154545490908e+01
4.241410673988342239e+01 4.447826059126060727e+01 4.356671140139033582e+01
4.677173213708820754e+01 4.377385988250019011e+01 4.369442021951299182e+01
4.110113954327412955e+01 4.467432351795811485e+01 4.532291153712066034e+01
4.471236720045594382e+01 4.385816273724420000e+01 4.336596788439278782e+01
4.857538429721908102e+01 4.579736775211802779e+01 4.540139939762239862e+01
4.838073066396332678e+01 4.507429336414512733e+01 4.606610718626691892e+01
4.435712671652684946e+01 4.640109368978724547e+01 4.361360698450057782e+01
4.394044816277174448e+01 4.583353247060669844e+01 4.674191841789046009e+01
4.261077765088700176e+01 4.459129519264976693e+01 4.655599373837502242e+01
4.170390420264826048e+01 4.388041130327709993e+01 4.520434960309675887e+01
4.389296877718874157e+01 4.562200309594809511e+01 4.318448676585033752e+01
4.537694638599811015e+01 4.626853242135783262e+01 4.346985429069832207e+01
4.416582959732157576e+01 4.329666709770141608e+01 4.403764972984367887e+01
4.371779413842807571e+01 4.394861954217850553e+01 4.342515579605615983e+01
4.740253690394715846e+01 4.452546654181554686e+01 4.347700297908792777e+01
4.564434006372978558e+01 4.696648622124425287e+01 4.514959801857364141e+01
4.328731882269757136e+01 4.482403183212863951e+01 4.320306903598493875e+01
4.701331883634768616e+01 4.329108106649734111e+01 4.474257493567947108e+01
4.579201467468816844e+01 4.379144469180046428e+01 4.345865111422320126e+01
4.688549029588637751e+01 4.431665566800002409e+01 4.662863244871752499e+01
4.766587139102319526e+01 4.377502417446014249e+01 4.415359852850349398e+01
4.176896492609967027e+01 4.442978451799029926e+01 4.603889713219014368e+01
4.778507623938519089e+01 4.419642704369658759e+01 4.619134448355555378e+01
4.533409219133259427e+01 4.324971632908417973e+01 4.595879892831975155e+01
4.295448655560666396e+01 4.553565609615004917e+01 4.663677560038101433e+01
4.536162370282850986e+01 4.394745248807244309e+01 4.669475778002015431e+01
4.245077763834790119e+01 4.628341619049259492e+01 4.414912071157188223e+01
4.792091639734375264e+01 4.634669258807071657e+01 4.479469733733898806e+01
4.850957480178119141e+01 4.416614167812268477e+01 4.453265399094664190e+01
4.856222438713174228e+01 4.567281373982605430e+01 4.439817708979347799e+01
4.367050571017880145e+01 4.487851619712898810e+01 4.688614765737314372e+01
4.233679946558429208e+01 4.622070342172190038e+01 4.586203970627799720e+01
4.272938586382787207e+01 4.664574910133939056e+01 4.504435601746529017e+01
4.465210777325424374e+01 4.696735253112830577e+01 4.530887807686160329e+01
4.206687745099272036e+01 4.385239763161135329e+01 4.426698427586910611e+01
4.489570282073697172e+01 4.548671918096879097e+01 4.306415446565415550e+01
4.628500205967468872e+01 4.315514597597869795e+01 4.543557360244996346e+01
4.689371984094161405e+01 4.608426102573822902e+01 4.638882727479563073e+01
4.532104045407677972e+01 4.669094075938692612e+01 4.605598554470886086e+01
4.386440221875616885e+01 4.681652972756027253e+01 4.439127951494467084e+01
4.787940699239759823e+01 4.361773233492824886e+01 4.512708234758493120e+01
4.136287713967765001e+01 4.560484602329348292e+01 4.557931934115647721e+01
4.659425531939714915e+01 4.682644847826734491e+01 4.486288034053589513e+01
4.538403313502657710e+01 4.300802974956309299e+01 4.497343117644118138e+01
4.516597602894317021e+01 4.325546919273588742e+01 4.402570875808714845e+01
4.776571620003512209e+01 4.573048065796981376e+01 4.375946878887370417e+01
4.344437143645563992e+01 4.332177129477382493e+01 4.576915241887124353e+01
4.485830675697192049e+01 4.439667319054293415e+01 4.590958251158181724e+01
4.527472641677191945e+01 4.503024832971519942e+01 4.395282274599973249e+01
4.518725156062561155e+01 4.592885726861165097e+01 4.439898719895121815e+01
4.629719242585220940e+01 4.511895389154898339e+01 4.401761267754188367e+01
4.742121559388642993e+01 4.449111509517442187e+01 4.530628587073248070e+01
4.765601866838747469e+01 4.546387228541856018e+01 4.519129468053907317e+01
4.491084593307716943e+01 4.415865271708380391e+01 4.438034334589995922e+01
4.670762368979723789e+01 4.518127596533908275e+01 4.503956170344208232e+01
4.421044278145156170e+01 4.516482665395125906e+01 4.604573700002604397e+01
4.325991895401985232e+01 4.454522953995716961e+01 4.416476420808554337e+01
4.527542190665088384e+01 4.529798675753643522e+01 4.610637646521580280e+01
4.274944270457910989e+01 4.525990075716489258e+01 4.559759542964440726e+01
4.618266089510186134e+01 4.592546286796362409e+01 4.462247899527101680e+01
4.597618609877584106e+01 4.422031435437841651e+01 4.434643647673780720e+01
4.414315477446604064e+01 4.581041051172844192e+01 4.444980134923940795e+01
4.372129252141886724e+01 4.498105402837259703e+01 4.494870167111709236e+01
4.298126600053192448e+01 4.434886658820224881e+01 4.519848650323149286e+01
4.445300951035044790e+01 4.597041691741257807e+01 4.538974197022343304e+01
4.622145265228432010e+01 4.550699444357034906e+01 4.585281476217021890e+01
4.472051190098783735e+01 4.501747961228462458e+01 4.491095539657600710e+01
4.571579325939566019e+01 4.496045652159656214e+01 4.507535087919597316e+01
4.396540594865999196e+01 4.404240829550576564e+01 4.470357943371601550e+01
4.647826729514085287e+01 4.412642802668981545e+01 4.524242730480614938e+01
4.386417964416594373e+01 4.429217804320127527e+01 4.568576873286863815e+01
4.546469700437430106e+01 4.593798454573439471e+01 4.535976640101572599e+01
4.209518002325862085e+01 4.479180929254610533e+01 4.498521892501644004e+01
4.546466735065155973e+01 4.398128612047012354e+01 4.522908963163273199e+01
4.420489813683171576e+01 4.486655121496275456e+01 4.405418913891916333e+01
4.696309872087631021e+01 4.444067885277586782e+01 4.441715662121468000e+01
4.282343939998720117e+01 4.539856012364003135e+01 4.447587154019745270e+01
4.590427666532918494e+01 4.451390583941677903e+01 4.597431808327988279e+01
4.339080809891559909e+01 4.590262809593136950e+01 4.515932321843040853e+01
