4.643359606224652225e+01 4.581237435627428312e+01 4.183019372607439834e+01
4.580853291093399093e+01 4.176390074408116959e+01 4.613058402946751357e+01
4.628252968535043976e+01 4.769432551686002597e+01 4.693043411245623986e+01
4.528509373178114572e+01 4.469991426227262821e+01 4.847525242892205455e+01
4.716928996574125676e+01 4.516475288186276060e+01 4.205794127533413018e+01
4.439274331193429646e+01 4.314823637496954234e+01 4.207521542493397249e+01
4.261092995924965976e+01 4.664822204511582981e+01 4.272871731342063129e+01
4.277587082087482884e+01 4.536410168862201431e+01 4.787990923018173817e+01
4.190881479173403079e+01 4.525719090343523732e+01 4.719764893849249177e+01
4.497998931160218206e+01 4.849490596112610064e+01 4.481592735886728462e+01
4.514769089869531626e+01 4.840382974373211766e+01 4.580045520953287763e+01
4.386960526027166907e+01 4.829334949136710975e+01 4.435290803235777446e+01
4.673688654721860303e+01 4.323321657989302480e+01 4.238267108647801251e+01
4.237197085060205382e+01 4.759102898934041548e+01 4.547287472242608430e+01
4.732053143256761985e+01 4.751851385583082532e+01 4.365496632190317428e+01
4.392139977006567619e+01 4.375609664970494350e+01 4.812795678939366439e+01
4.246733851847552899e+01 4.364091771240632056e+01 4.265721412231745546e+01
4.775962062070783531e+01 4.746420077672627968e+01 4.560216831426879480e+01
4.892584107486281653e+01 4.430675800253753494e+01 4.498851297506384128e+01
4.749654273085661771e+01 4.226283037927331065e+01 4.508080209563836149e+01
4.662268371774445086e+01 4.219146751441112997e+01 4.653315779287493115e+01
4.300399921427842287e+01 4.369096405020428620e+01 4.773017674791177001e+01
4.300342275142288884e+01 4.784470170463698935e+01 4.395352493669047078e+01
4.798958875526876966e+01 4.425088856300780549e+01 4.720341343110653298e+01
4.231503143983810844e+01 4.714482931780145236e+01 4.354480393281296813e+01
4.671374832870269245e+01 4.188993578336706491e+01 4.558346380188711322e+01
4.656197355603576682e+01 4.208642591887419826e+01 4.361572969168166480e+01
4.862553842470519783e+01 4.579392405915390896e+01 4.625498008425670804e+01
4.119110635617893479e+01 4.434381406666602743e+01 4.582326317925619463e+01
4.557481621611098888e+01 4.300048084612890875e+01 4.216746339932332432e+01
4.610021750929595896e+01 4.379516190201903214e+01 4.185334565996070921e+01
4.194932781883861139e+01 4.279188159567358696e+01 4.547310920655996114e+01
4.586554687455087276e+01 4.158486200367262597e+01 4.514599805353913808e+01
4.185101523273721114e+01 4.629499101877397749e+01 4.327747490899942306e+01
4.130967804373749175e+01 4.565647280639007732e+01 4.382902338030137912e+01
4.716839576333681805e+01 4.271973982642916212e+01 4.313427836770094359e+01
4.766761025801908147e+01 4.687718484232253502e+01 4.681251009149173115e+01
4.119424764456114474e+01 4.603493840758309119e+01 4.475224409900853573e+01
4.795301959492432786e+01 4.277982948294415166e+01 4.581440886723398620e+01
4.294559627545721980e+01 4.697817543310718236e+01 4.725244782103715124e+01
4.225079937700759558e+01 4.355373486857423870e+01 4.708276074272492195e+01
4.897431371002143408e+01 4.533940999541864159e+01 4.472855617722119348e+01
4.239711682282349159e+01 4.615180665151729045e+01 4.738742169442041074e+01
4.613100130210399641e+01 4.818372362105436935e+01 4.606489768804424045e+01
4.232888512546415427e+01 4.281323189146243635e+01 4.640613183879860770e+01
4.711144221683717603e+01 4.763722737717190370e+01 4.637372069394463381e+01
4.581641857603277401e+01 4.167845277519727176e+01 4.415080014926783747e+01
4.171087202106694747e+01 4.608448074251406013e+01 4.665957204294662120e+01
4.325893987584619538e+01 4.625147673647477120e+01 4.788614485692465195e+01
4.693399759830525397e+01 4.802951539506924661e+01 4.546689021311460266e+01
4.473381328324231276e+01 4.553809201425152509e+01 4.844691498321495260e+01
4.222308342837854411e+01 4.746318476165087219e+01 4.449107604994814835e+01
4.334492513950455361e+01 4.804792968319030422e+01 4.591759185886095906e+01
4.104268954261077340e+01 4.526414441076764206e+01 4.539634742584925675e+01
4.624891038465651150e+01 4.675603567698423291e+01 4.217176027807983019e+01
4.832513166084146405e+01 4.695108253030032586e+01 4.494868730924426359e+01
4.892768501605955578e+01 4.502955030341226461e+01 4.568099266195370234e+01
4.364652244443210805e+01 4.596584328386579443e+01 4.184975045334502397e+01
4.187565410733901672e+01 4.288641373741268126e+01 4.446144572255626315e+01
4.336651103349481673e+01 4.185186646605112060e+01 4.446195644804492986e+01
4.226085745544077099e+01 4.572420853894363546e+01 4.255551996959567873e+01
4.422558621247966926e+01 4.635034871531856737e+01 4.815275570551430206e+01
4.586463991854022026e+01 4.712292714885477096e+01 4.767552639179487528e+01
4.346481910757195521e+01 4.213336004977577431e+01 4.350738584666395070e+01
4.132679565891132256e+01 4.521239818571544333e+01 4.635553239419193972e+01
4.555600832852179849e+01 4.539466995416765371e+01 4.155267726499945979e+01
4.797958786515570750e+01 4.311430130585716824e+01 4.361067021018465084e+01
4.259005659601309901e+01 4.243956715279750824e+01 4.388731136415790957e+01
4.853324535118827043e+01 4.487582396618996938e+01 4.664108011555649824e+01
4.603833477923542716e+01 4.837971373635649286e+01 4.508432539641264469e+01
4.350599377326244621e+01 4.683899071730966313e+01 4.232345607479784633e+01
4.867011670170697357e+01 4.623357902103101225e+01 4.433128075061432583e+01
4.315435150522826291e+01 4.742190863053278349e+01 4.305755481133944329e+01
4.660595822148167144e+01 4.279819096835308301e+01 4.732939154120285963e+01
4.191252010635713532e+01 4.691203090743773885e+01 4.612398349036300971e+01
4.268733952967996004e+01 4.747395720810548880e+01 4.641629043542812383e+01
4.506103646736667656e+01 4.788061714094841648e+01 4.300987096850678881e+01
4.426720919252599629e+01 4.818706888250000731e+01 4.629039551582394552e+01
4.641766572489127896e+01 4.794105404913293000e+01 4.355788452610792660e+01
4.486777136564147384e+01 4.244558045767450949e+01 4.260668597983543293e+01
4.385678406958315634e+01 4.500976766172361465e+01 4.164405420889264064e+01
4.299766109825488059e+01 4.287039145772546078e+01 4.714875458169374411e+01
4.785396010849296999e+01 4.563909554444859396e+01 4.262461336301535653e+01
4.835140733792104584e+01 4.402927662146701948e+01 4.334304623928579758e+01
4.474451465374986014e+01 4.830229992209666534e+01 4.386072042443321095e+01
4.481291410009244203e+01 4.470654255188497928e+01 4.151307979595598852e+01
4.536859212313521539e+01 4.803722200610043558e+01 4.670610512734371156e+01
4.388275641941920924e+01 4.289469310068825791e+01 4.761491452834255256e+01
4.139046743847571008e+01 4.372530603064426202e+01 4.420732423454343518e+01
4.829102561340015143e+01 4.671681174890079546e+01 4.601371547096849213e+01
4.726084275211293573e+01 4.612173036106988633e+01 4.766035140305552886e+01
4.136586219146262522e+01 4.356305508033473473e+01 4.521276270595352997e+01
4.202919799383371924e+01 4.319550794205497368e+01 4.350842140567905858e+01
4.374398869373082732e+01 4.546833824776867772e+01 4.828502104572813636e+01
4.164907161584589801e+01 4.351623782417696873e+01 4.619119068284052787e+01
4.736751070516845630e+01 4.348335272115942018e+01 4.737950726195996509e+01
4.569177597234858013e+01 4.291269991172862319e+01 4.774146661084452603e+01
4.484444200507975609e+01 4.245973425218252828e+01 4.740070626000305509e+01
4.325664020365789497e+01 4.188554434259030756e+01 4.545714131185224716e+01
4.290909124592909052e+01 4.280111337160992946e+01 4.298349918190189101e+01
4.689882032881700979e+01 4.717355298393182750e+01 4.281081317445826073e+01
4.597222076195976115e+01 4.754768250279586539e+01 4.275144904766111154e+01
4.653680859746539511e+01 4.362022402778715957e+01 4.792089801253983694e+01
4.510721848131436218e+01 4.377217091621446343e+01 4.172025496330260808e+01
4.166466933360563019e+01 4.691926362977223874e+01 4.514601375683243845e+01
4.761478336832472280e+01 4.355484532818316268e+01 4.277233024810298900e+01
4.813405451327774642e+01 4.285828537459006782e+01 4.458632547804806734e+01
4.634586310238624662e+01 4.631414289454812661e+01 4.802090584298108666e+01
4.445296040188293318e+01 4.193448859370609227e+01 4.337764333697680286e+01
4.843309714302648672e+01 4.501618325585522484e+01 4.319331482140890444e+01
4.415352146644767117e+01 4.157998965510795131e+01 4.502542358019270097e+01
4.837852140670688073e+01 4.599746859864264081e+01 4.340263444967483508e+01
4.479978468761434840e+01 4.158434965007691630e+01 4.425276278433860000e+01
4.812730564342493267e+01 4.348012935275404800e+01 4.657065777009501772e+01
4.491251924264481943e+01 4.187497917082852439e+01 4.657149708082300066e+01
4.809563206282322767e+01 4.696600053298498523e+01 4.396218113419320161e+01
4.452157973698878379e+01 4.772998833700032861e+01 4.714529114608071581e+01
4.387217011780633413e+01 4.711324096993013910e+01 4.760444466725159174e+01
4.860563665696459168e+01 4.367440661885349584e+01 4.424317955804866642e+01
4.720676079197120600e+01 4.436176233928590307e+01 4.784833035655433520e+01
4.632593912298081307e+01 4.476029335758559569e+01 4.170176321799772268e+01
4.804510888806660773e+01 4.597074271898659248e+01 4.705366267158512983e+01
4.882763424812549147e+01 4.463101872969437522e+01 4.403418662669460559e+01
4.485950248257225326e+01 4.706858204740314733e+01 4.781689446523633080e+01
4.591902227004139547e+01 4.547391206810981146e+01 4.837096875450662736e+01
4.164736403108000218e+01 4.671057785305288945e+01 4.416536044972515640e+01
4.535297786423436150e+01 4.629753563009789730e+01 4.823290362653053620e+01
4.174487900504122706e+01 4.409741439129138030e+01 4.318055067758662346e+01
4.165605950675580971e+01 4.436903992272333141e+01 4.680378878208536264e+01
4.497592833648391775e+01 4.155240860581352536e+01 4.560162134185810601e+01
4.441298315168641864e+01 4.661689341939651143e+01 4.193631450290776286e+01
4.574052348515306221e+01 4.221855021033046285e+01 4.702190538030669842e+01
4.783159682360853537e+01 4.451972742468265665e+01 4.256718894736233949e+01
4.313149371995370984e+01 4.425747434271738712e+01 4.199477343975519261e+01
4.764401876203992003e+01 4.760135248878450653e+01 4.461062691951474335e+01
4.855594024056142644e+01 4.341724102145337838e+01 4.530035908829893998e+01
4.877341511643125216e+01 4.612693677658871394e+01 4.532343462496521624e+01
4.773494498519832518e+01 4.515969145163744258e+01 4.754988359490115357e+01
4.387506087316984349e+01 4.255568114232436017e+01 4.269467366002859876e+01
4.625587853501235713e+01 4.452668147683611721e+01 4.828738226381022258e+01
4.253366757143625421e+01 4.225059270067654893e+01 4.486801532084682265e+01
4.307754758216393043e+01 4.806578534240224343e+01 4.493039946813405550e+01
4.411758211995643819e+01 4.839741962023641975e+01 4.531638003117853231e+01
4.477611888616144142e+01 4.324421879823793802e+01 4.801804882683023834e+01
4.332820992412608518e+01 4.456379561470144779e+01 4.814432277920838033e+01
4.314700445928643546e+01 4.223175849185088282e+01 4.639160504802153184e+01
4.229290258646143741e+01 4.460866051091150553e+01 4.245399695753732772e+01
4.559421787676939175e+01 4.377777554991908460e+01 4.823574920683088152e+01
4.428782717981358985e+01 4.464026800882673740e+01 4.842120900212637480e+01
4.515607363629351312e+01 4.719966923288968985e+01 4.227783050419222377e+01
4.294934024926288885e+01 4.524533699412056365e+01 4.200437031076579331e+01
4.618399569849660224e+01 4.249519838231063318e+01 4.278008465937008964e+01
4.133618848511670762e+01 4.618162183664762921e+01 4.573658644425703557e+01
4.106022652526192473e+01 4.444856093167494748e+01 4.481751001352535013e+01
4.408429066723284961e+01 4.174795649167114675e+01 4.601036353849490723e+01
4.742823195530594660e+01 4.277057052243468149e+01 4.666571336024963301e+01
4.546876218006072179e+01 4.198621767157101203e+01 4.326335834137272229e+01
4.687676152326449142e+01 4.528908465804829575e+01 4.807633038371503886e+01
4.536963177742406117e+01 4.635317484723464787e+01 4.178485000032982555e+01
4.239744731925078725e+01 4.447909755574883661e+01 4.759927382479985170e+01
4.671505190786778883e+01 4.186283437230306959e+01 4.458255736957654847e+01
4.391779163429039556e+01 4.796917309771984606e+01 4.340710565337526816e+01
4.409175580173081244e+01 4.403790809141207774e+01 4.172771352523083976e+01
4.166811888787216844e+01 4.510380900979333774e+01 4.306956180259533085e+01
4.340634738450347641e+01 4.332750336330082064e+01 4.225863648750093660e+01
4.869800852348885201e+01 4.411193842263294584e+01 4.600680661153791107e+01
4.401422841597877778e+01 4.219793764762296462e+01 4.690692261381759209e+01
4.678264502337856356e+01 4.809173177896698803e+01 4.447741979217759933e+01
4.702474373067705926e+01 4.416117226736430723e+01 4.209436045643894886e+01
4.124546597585464269e+01 4.464955381111489885e+01 4.385397350969313379e+01
4.459478894691520168e+01 4.569340598484285465e+01 4.158500994255497574e+01
4.424294270182382149e+01 4.746690790461936871e+01 4.260550396000672890e+01
4.357177027434273953e+01 4.770493099452914265e+01 4.682940661966247120e+01
4.714892398547027597e+01 4.629841749601195744e+01 4.234265385076081145e+01
4.742374778032116467e+01 4.236716317021281952e+01 4.407970633615023814e+01
4.570662278835015968e+01 4.833727059423225825e+01 4.414033928176107224e+01
4.682629463460467889e+01 4.698700902828435488e+01 4.739689715358235844e+01
4.773202920525389459e+01 4.668410297226373729e+01 4.306826791951299072e+01
4.715073029211221467e+01 4.429232513229376877e+01 4.326438808325907814e+01
4.546696399502901897e+01 4.309392763906222257e+01 4.315876075512677090e+01
4.701324260290645896e+01 4.501521290592236824e+01 4.396302099684508846e+01
4.507267502306400786e+01 4.401842051639338393e+01 4.319401876087022885e+01
4.450824298189702688e+01 4.294016564955263959e+01 4.339896053552933353e+01
4.601705589351200842e+01 4.391647456932928151e+01 4.284390524044852100e+01
4.361933049419154429e+01 4.487328965302229733e+01 4.264781090613758607e+01
4.551802492224275909e+01 4.454998666193391443e+01 4.225227160464426390e+01
4.499681557258366382e+01 4.630378485009403988e+01 4.271670735715557043e+01
4.646230731356745736e+01 4.483352595436712562e+01 4.271197814406740889e+01
4.717074640575996369e+01 4.658148109264624992e+01 4.406505297151245770e+01
4.201588874407772778e+01 4.449488506605292315e+01 4.451452566217297147e+01
4.576567010209718234e+01 4.567368393866243537e+01 4.256962724746812654e+01
4.357287756896246123e+01 4.324793088344753045e+01 4.358605350489700214e+01
4.775717358157766057e+01 4.396097620388518123e+01 4.498348383654864335e+01
4.352218964752199071e+01 4.414181486776507057e+01 4.409449615788911814e+01
4.454836555343908344e+01 4.452944778390732949e+01 4.249629434246753590e+01
4.582990316780303175e+01 4.259210080147004618e+01 4.523673483173832466e+01
4.682303859503336696e+01 4.428796725016547953e+01 4.463411735417630410e+01
4.323852469950275434e+01 4.407903762189611996e+01 4.312142454544392223e+01
4.434550952806389290e+01 4.556101123726751467e+01 4.254452002919111209e+01
4.626914605856870821e+01 4.429931968794539188e+01 4.376105177228325971e+01
4.521208024955975446e+01 4.501528818045056113e+01 4.308429779018211292e+01
4.719925674623661394e+01 4.357995116921606638e+01 4.403057635688374916e+01
4.636217680166273425e+01 4.635494902855205623e+01 4.308693925977312489e+01
4.720030503436102975e+01 4.586690598610402958e+01 4.335876723248541253e+01
4.778570832256436063e+01 4.570457046930156508e+01 4.415641917969286112e+01
4.532197684041076968e+01 4.694131482658071519e+01 4.433315256602561050e+01
4.618269845676628904e+01 4.624946179241898392e+01 4.406949724783270739e+01
4.462175882975415675e+01 4.731983582994232762e+01 4.371801573043180866e+01
4.552617746771885265e+01 4.688122316981903737e+01 4.335576301438706537e+01
4.328641079794411439e+01 4.286167306367489971e+01 4.446848430727454371e+01
4.639841246898210159e+01 4.326767808258992432e+01 4.350544257115711844e+01
4.419608344426956847e+01 4.241838537436954937e+01 4.422263898516451519e+01
4.558472521450076442e+01 4.359749917321538959e+01 4.401734215883195134e+01
4.412894648491567295e+01 4.369998902460815060e+01 4.286690653372455984e+01
4.521952353252995493e+01 4.259080633771615965e+01 4.402458265318356467e+01
4.622211146606118604e+01 4.541373314703971431e+01 4.349779151956537504e+01
4.202300278947480194e+01 4.505308609924247776e+01 4.535017350186068796e+01
4.300996876259866752e+01 4.524174830252672308e+01 4.453692490917647717e+01
4.487724655660565531e+01 4.424074494929316614e+01 4.438895681104666124e+01
4.421683559015951204e+01 4.449790719229720537e+01 4.346865423027786335e+01
4.342517926802581485e+01 4.580729463144304248e+01 4.294934904341297965e+01
4.433136475688410627e+01 4.574176902632120090e+01 4.642479797863927615e+01
4.511081146258477759e+01 4.331763286319631590e+01 4.486897156970416489e+01
4.535932056754679564e+01 4.591350414217177445e+01 4.357794729456874450e+01
4.777369108989278601e+01 4.609575982772048519e+01 4.509488474987819018e+01
4.407405303691237464e+01 4.495629120915077692e+01 4.435347097712944731e+01
4.410002483029448683e+01 4.653377314929073805e+01 4.310914798541850246e+01
4.251729510254440214e+01 4.453018649065269585e+01 4.364858232766449220e+01
4.245167369449687556e+01 4.552564408950033936e+01 4.352756153634580727e+01
4.296619904699669945e+01 4.638412595803920624e+01 4.363066324015601793e+01
4.456098583332072138e+01 4.635873943268492781e+01 4.398962025496375361e+01
4.598227484441900970e+01 4.669971977285258191e+01 4.505815340297019134e+01
4.257520791121050507e+01 4.367516608032151737e+01 4.420441880876684593e+01
4.334208117035711183e+01 4.307364305076738731e+01 4.588411014328035264e+01
4.781828097988206139e+01 4.443298089008811047e+01 4.409703277814855227e+01
4.259988302834681662e+01 4.380633108196810355e+01 4.605775998948599437e+01
4.271312568191878967e+01 4.335032705035549583e+01 4.514726379678135970e+01
4.366281050381741835e+01 4.362948560817346078e+01 4.499010330043785899e+01
4.619443615123215352e+01 4.270444563935721760e+01 4.431085369301977295e+01
4.568415273940879473e+01 4.491696355918833916e+01 4.583704278379846642e+01
4.431475707439859946e+01 4.341495004553823378e+01 4.425912919110196952e+01
4.544079939987550176e+01 4.501189529905840203e+01 4.405873407254568974e+01
4.293396645857805538e+01 4.430924612623210379e+01 4.489028536114258827e+01
4.338519130529776646e+01 4.504913873999515062e+01 4.362430177662329811e+01
4.444046046526103311e+01 4.547136180041250952e+01 4.353702275917285647e+01
4.541552957886307951e+01 4.594566368123648914e+01 4.465023727158339995e+01
4.679252662884290714e+01 4.613248078687312415e+01 4.487618892107495583e+01
4.631105090299003280e+01 4.722508012829930379e+01 4.425105643015285750e+01
4.625812966023739392e+01 4.534621714642192813e+01 4.453290877368313261e+01
4.619740232261547419e+01 4.655835850307238388e+01 4.674257933938442733e+01
4.253375171564724866e+01 4.650873573160981067e+01 4.458593206175977741e+01
4.451691805368395904e+01 4.759478490514997162e+01 4.470998791945660145e+01
4.366021020229572969e+01 4.707641662680912020e+01 4.385197868345921535e+01
4.488071639401958635e+01 4.674575131198728428e+01 4.522748766853824520e+01
4.466979380793942056e+01 4.258632248747749571e+01 4.590087964746203397e+01
4.710479614827712425e+01 4.318620514079415074e+01 4.495369293177486014e+01
4.740339411567620687e+01 4.361871691732247314e+01 4.586314217007132754e+01
4.488292055370205702e+01 4.230467971948734629e+01 4.494616925530243634e+01
4.741776518932534401e+01 4.510081752000924382e+01 4.487873639815370552e+01
4.393476834502497042e+01 4.262000606746351394e+01 4.520945480825524498e+01
4.469911075417902424e+01 4.490135997249663546e+01 4.601078322857793523e+01
4.427402021599550608e+01 4.439848308753161632e+01 4.517857763245724101e+01
4.503548788790942581e+01 4.503051035865596674e+01 4.499637038630509522e+01
4.323036078321445075e+01 4.583305406259005110e+01 4.600144657547600957e+01
4.436517962836878581e+01 4.680725846556052261e+01 4.644689398296854677e+01
4.706475804248049855e+01 4.570344324938564995e+01 4.574101382425104845e+01
4.368428381228285673e+01 4.586392219526884872e+01 4.412186038947917410e+01
4.603554776055772635e+01 4.576199892830646831e+01 4.541797897510918602e+01
4.442092206294946521e+01 4.580697598253978242e+01 4.481425603489197584e+01
4.762249261465035488e+01 4.524719382773770349e+01 4.645482457130547260e+01
4.207035212269649094e+01 4.560461800003840693e+01 4.447898359148098990e+01
4.399635160358185715e+01 4.672831958040611511e+01 4.472783099575690358e+01
4.689173473145994109e+01 4.711667173056903835e+01 4.505923864738267781e+01
4.545115900558251809e+01 4.756551126058744927e+01 4.510779759512447384e+01
4.569523123486847282e+01 4.592568421468395456e+01 4.736668207959147736e+01
4.440519641875505386e+01 4.352844723771920599e+01 4.565497893789652295e+01
4.657602732682289570e+01 4.490224493697261465e+01 4.538362307446502086e+01
4.563578414971095043e+01 4.277857108329052949e+01 4.620001115151709570e+01
4.497986761042290738e+01 4.579084976919629213e+01 4.564352528101985484e+01
4.409294676393869139e+01 4.313201228401933207e+01 4.655339847990035906e+01
4.519946936823590278e+01 4.411720128344527581e+01 4.546681441708194882e+01
4.376750253169736027e+01 4.490893451400763325e+01 4.646865696975770277e+01
4.585091353162697203e+01 4.447024335769741299e+01 4.479445026317988976e+01
4.616464585999844417e+01 4.352491539965000555e+01 4.488575165472709472e+01
4.357790359952609549e+01 4.412421644470276760e+01 4.585919420818763115e+01
4.297721422880377418e+01 4.491151610656093851e+01 4.568918465108436067e+01
4.367608419325457447e+01 4.630961977215465453e+01 4.697681240046851769e+01
4.646586174143484982e+01 4.395355224706189290e+01 4.574518238254730562e+01
4.623591444131835715e+01 4.452094408150606597e+01 4.657258843614799559e+01
4.721045351220184472e+01 4.668162419564428944e+01 4.590177224639839437e+01
4.389951400197346487e+01 4.526247549697544059e+01 4.552184468850605015e+01
4.792438407413972357e+01 4.471747303805580032e+01 4.566196058677999048e+01
4.627678321718023824e+01 4.554944557683192130e+01 4.636979338909796411e+01
4.236720159194133828e+01 4.615625589956778896e+01 4.559138957915931911e+01
4.331471936888733865e+01 4.606052395226152640e+01 4.503037023443022235e+01
4.555439962300889079e+01 4.656491595876982359e+01 4.595465531404030202e+01
4.708026153424866322e+01 4.606437608757287450e+01 4.667816837282074260e+01
4.317368099001707549e+01 4.705422220228822283e+01 4.520600490610850386e+01
4.405546356090597016e+01 4.738686514075403267e+01 4.566382900857556848e+01
4.632867960422844789e+01 4.720680094274953120e+01 4.590292233595662452e+01
4.529383291141720491e+01 4.550183655270001992e+01 4.655265664132804915e+01
4.332008402709500672e+01 4.373629113580378913e+01 4.676304061457447858e+01
4.495371123974668137e+01 4.346629242136074112e+01 4.699765944501920956e+01
4.722091810853861205e+01 4.430999328831507000e+01 4.656599673768705117e+01
4.435212180951388206e+01 4.409702416421069415e+01 4.650209565229376096e+01
4.280231457438181053e+01 4.458879490223514352e+01 4.666194340273210628e+01
4.485574035808521387e+01 4.419026601381403907e+01 4.769879682504922158e+01
4.657208533352029889e+01 4.295303901474544261e+01 4.581531965625737257e+01
4.684988826944036333e+01 4.513319956966752500e+01 4.708355532682923439e+01
4.232127485282863688e+01 4.538689171129262689e+01 4.627779363678248359e+01
4.501417521493611673e+01 4.742367095274995137e+01 4.599780025178597498e+01
4.592204033690693166e+01 4.494037817907427979e+01 4.743369457760498875e+01
4.496728459415701451e+01 4.524628582420236000e+01 4.750054931365660593e+01
4.339538504431630628e+01 4.681549627787921253e+01 4.616050720836899757e+01
4.407860869211025800e+01 4.630397223820840935e+01 4.562990831790973800e+01
4.399892624504794014e+01 4.541301384472745895e+01 4.731297074596015761e+01
4.658181541475108389e+01 4.353075126622991320e+01 4.664700965630569840e+01
4.561992278864931194e+01 4.377385173338014823e+01 4.630727785672905128e+01
4.307482587327925216e+01 4.551108644824387994e+01 4.693633795532488051e+01
4.519158304153612704e+01 4.454053276515235638e+01 4.682152936802551579e+01
4.583442133815124464e+01 4.392155992525146502e+01 4.727365843083738639e+01
4.393132806808561952e+01 4.440154276570717684e+01 4.735788147785316227e+01
4.526827530794794541e+01 4.698202655306052833e+01 4.686031163257911913e+01
4.469849239026114418e+01 4.621803889327221526e+01 4.727932897280937397e+01
