4.449532932270086860e+01 4.326023397933875003e+01 4.590945052261449177e+01
4.344964288821417142e+01 4.447457766571592686e+01 4.661538904784630688e+01
4.701984879621241475e+01 4.625646207933380083e+01 4.417724474016148406e+01
4.479612061180985449e+01 4.678558867175689784e+01 4.590011010106248079e+01
4.687113516859093920e+01 4.522856609917414517e+01 4.656524384656886184e+01
4.337928944332647063e+01 4.348480826984838643e+01 4.431336436486751040e+01
4.684775672482386710e+01 4.654633651020061791e+01 4.540225360581644054e+01
4.646366718433554865e+01 4.452719456770554984e+01 4.331027226775890426e+01
4.547713365934346541e+01 4.464021046295630413e+01 4.305748320074054902e+01
4.709420022443607934e+01 4.429871878633677795e+01 4.626960353490592581e+01
4.287077452185920379e+01 4.421801103521792697e+01 4.385912826730744030e+01
4.612743746481093865e+01 4.633909205645069562e+01 4.370168174647587023e+01
4.294610186970137988e+01 4.358345594315018445e+01 4.521072594612272155e+01
4.529445584873883490e+01 4.476299800590538780e+01 4.697863251110904059e+01
4.232933442326586260e+01 4.580334731827048245e+01 4.534605949624364030e+01
4.524074198415900128e+01 4.700089074679915768e+01 4.502361210904344091e+01
4.272967000420661066e+01 4.418213304823440524e+01 4.598436770242086880e+01
4.385617866003093468e+01 4.317135613497607949e+01 4.514462275667838753e+01
4.594372886226211961e+01 4.551393056767122403e+01 4.683749969328921736e+01
4.232105565791960089e+01 4.420257546968281304e+01 4.470178941114748739e+01
4.549677266942005360e+01 4.321898634177399856e+01 4.584425417147649284e+01
4.479665399817193361e+01 4.369691438960488483e+01 4.349717298640317154e+01
4.433867510357652009e+01 4.320654657653311403e+01 4.426021602792020815e+01
4.493150089033086658e+01 4.300749358417711221e+01 4.504561337497629836e+01
4.269739831465371083e+01 4.514894362323335031e+01 4.624949091467811968e+01
4.348627718081682758e+01 4.654008745855152540e+01 4.423629488059627590e+01
4.596401568326271558e+01 4.310542240890698906e+01 4.495973918479920428e+01
4.517989934146874020e+01 4.607999036336380527e+01 4.331699642404156236e+01
4.735625455572838405e+01 4.584942871540862086e+01 4.594267565056880187e+01
4.430701804972358104e+01 4.394026007680793100e+01 4.662328284260094335e+01
4.382135009292801442e+01 4.392668814401821464e+01 4.352319143248128341e+01
4.614492601722176346e+01 4.681606480163421224e+01 4.458616372470346789e+01
4.762050098988784441e+01 4.601619576700277037e+01 4.498961054369317480e+01
4.646175604507811840e+01 4.345974908456473429e+01 4.416438936873244359e+01
4.397680642100209525e+01 4.636132949499196343e+01 4.629286493363210298e+01
4.434798968742873626e+01 4.554312522241933436e+01 4.312935997129157784e+01
4.767526474452979812e+01 4.544899191675057182e+01 4.416623883485536339e+01
4.546149200998780771e+01 4.631667800891625575e+01 4.648431267564875213e+01
4.272055414597407719e+01 4.520322038308864876e+01 4.374120168548340359e+01
4.447157217783913552e+01 4.455128607286484055e+01 4.308964723909188876e+01
4.354265683214680394e+01 4.359920294717952061e+01 4.601907839479073914e+01
4.622534591025093675e+01 4.445702744456808375e+01 4.675198407616801433e+01
4.346704030223885695e+01 4.583951849794618738e+01 4.351212860450101516e+01
4.792520385546833950e+01 4.461072278835482052e+01 4.465161711265984934e+01
4.525813932932467765e+01 4.675837443333689691e+01 4.404937214244181121e+01
4.536053418382421398e+01 4.320315200778770759e+01 4.416333113225485363e+01
4.760794181332681774e+01 4.407864176098868825e+01 4.543696994138944945e+01
4.353804538500556021e+01 4.486519356445715800e+01 4.327233407432930790e+01
4.302464320850619117e+01 4.648757836295574464e+01 4.512226668208555225e+01
4.263501684905129707e+01 4.600733808912698919e+01 4.433436363136122793e+01
4.212046394147608908e+01 4.517561416484468850e+01 4.454843662495262890e+01
4.592380791841623022e+01 4.677393106718788829e+01 4.572239216480932100e+01
4.464801834887516918e+01 4.582297698267004193e+01 4.680868326672202784e+01
4.634515134917660362e+01 4.364078804971595105e+01 4.617144887497659056e+01
4.430307461860755325e+01 4.488954222526706417e+01 4.693785439292537376e+01
4.732973125050196472e+01 4.381688727491878410e+01 4.451260618781051903e+01
4.791146999614775837e+01 4.504047389645997868e+01 4.556012229512988654e+01
4.735857018261633300e+01 4.455067741336017662e+01 4.382393255663498621e+01
4.580198949207316161e+01 4.379937519216392161e+01 4.349107418243283973e+01
4.648110758673411169e+01 4.617509643934248231e+01 4.630464102100059165e+01
4.355815786146001756e+01 4.550839850310927659e+01 4.666935100948670367e+01
4.392499508463316715e+01 4.682059606471055702e+01 4.540456461326361648e+01
4.684302964661786461e+01 4.344074843001094166e+01 4.530414143449522157e+01
4.692701499153385214e+01 4.539923207390442883e+01 4.350174184805976552e+01
4.438422293899559179e+01 4.689795501020854829e+01 4.451756180871794299e+01
4.598831159297650117e+01 4.549522424699031831e+01 4.316989670096261023e+01
4.303019945534764190e+01 4.607689354207249721e+01 4.603700794985400080e+01
4.429055199167594026e+01 4.639883056257895078e+01 4.365370195515694718e+01
4.213423576032177209e+01 4.482037690883949921e+01 4.548588871753443641e+01
4.530104688288965065e+01 4.383174220160339019e+01 4.661025486323678990e+01
4.468360017906777415e+01 4.505298558846209289e+01 4.394227889958300182e+01
4.488140344073961785e+01 4.607517831757421334e+01 4.480820847792936235e+01
4.585358271492986404e+01 4.597364588773788086e+01 4.504065535888518923e+01
4.569063623703092247e+01 4.441522453726907571e+01 4.587576737577943931e+01
4.656334086013783491e+01 4.545026615828154348e+01 4.456010413107101442e+01
4.560665661433193208e+01 4.464430287100633876e+01 4.405924801827418236e+01
4.654561281850424592e+01 4.445337501224508259e+01 4.440603475702673819e+01
4.364888769497164134e+01 4.562361510934849917e+01 4.535462547555747648e+01
4.479772933820049019e+01 4.415238030907288902e+01 4.443730732188203802e+01
4.405391678572117797e+01 4.572498495377289629e+01 4.436431744545208744e+01
4.357642800465833943e+01 4.484645370208880166e+01 4.427320833012334589e+01
4.558394395979287594e+01 4.551778361916311155e+01 4.588940196057499321e+01
4.482914060355160046e+01 4.489095049970453744e+01 4.608310353889736888e+01
4.570425220728987625e+01 4.407193986424907450e+01 4.487602096800719664e+01
4.390189354948764588e+01 4.471319996342941039e+01 4.575131366638355246e+01
4.309347912943419345e+01 4.480245604848685304e+01 4.515000393216238450e+01
4.546904749931273670e+01 4.505110198624637974e+01 4.497458402367082897e+01
4.390190149927119734e+01 4.415234834315732826e+01 4.491804843157987648e+01
4.551400480694687900e+01 4.563962983375093074e+01 4.415677389245415441e+01
4.652565198872121499e+01 4.541909401415882286e+01 4.556754733469411178e+01
4.446629463109510283e+01 4.498615072551976368e+01 4.492255680495444636e+01
4.660035143695888848e+01 4.441620921067710270e+01 4.540768225078357290e+01
4.458141840622155172e+01 4.579348746102020584e+01 4.572247578745700025e+01
4.479297520411199685e+01 4.411522799354369795e+01 4.543853749138977349e+01
