4.148223887299693047e+01 4.564748081349885922e+01 4.471917430910599478e+01
4.877599726468064034e+01 4.450296833970385535e+01 4.489587768911691512e+01
4.717439382202823595e+01 4.620688948178373323e+01 4.536889745780523953e+01
4.418932395331330554e+01 4.644156756910714989e+01 4.527723338454773483e+01
4.318700970363991587e+01 4.632883657575837333e+01 4.512647603297394738e+01
4.510872468938909208e+01 4.512665053947259253e+01 4.649379968320285883e+01
4.276193384244939466e+01 4.392945428744039305e+01 4.562526414749756043e+01
4.830451415238967172e+01 4.467427639979432286e+01 4.578671607964131596e+01
4.229670646710448523e+01 4.470253670016074921e+01 4.605996707271211221e+01
4.647409994363479768e+01 4.410974946362674132e+01 4.607506550775472931e+01
4.223215406680577644e+01 4.604653036427876600e+01 4.526074282699907059e+01
4.534440429762960889e+01 4.402033918674264612e+01 4.387066546448212989e+01
4.610127462474255822e+01 4.500816544097377658e+01 4.644289734559954042e+01
4.781517983242562764e+01 4.466954124229675926e+01 4.398179000897549429e+01
4.514724301507961002e+01 4.578739694698883511e+01 4.372377133749732536e+01
4.792130058965852868e+01 4.397165568224643550e+01 4.495320836073793203e+01
4.469567898484615398e+01 4.471551704939420802e+01 4.353162691689341557e+01
4.677900292286786055e+01 4.367371015171251258e+01 4.522674292760382286e+01
4.851016366920667622e+01 4.529782804101992610e+01 4.433565192703063929e+01
4.370730842772348979e+01 4.456491014420559793e+01 4.365010181759464558e+01
4.462272034119789055e+01 4.635058415085727290e+01 4.436318517559162444e+01
4.604542517569106508e+01 4.362539384554203536e+01 4.454139977991485466e+01
4.374267765968959054e+01 4.384451692591449046e+01 4.582893854309376991e+01
4.567098653543602893e+01 4.494962959430775129e+01 4.352092225499144718e+01
4.614794300220225409e+01 4.578545741383301504e+01 4.379462254144716837e+01
4.362773497037632353e+01 4.617980421553502879e+01 4.423220794803248168e+01
4.477998449217157884e+01 4.365503298341052130e+01 4.565765389876350611e+01
4.568622782914873426e+01 4.637753390171515377e+01 4.446204048512829843e+01
4.407369648641453352e+01 4.524394993709930191e+01 4.643717798297588928e+01
4.547740867251826558e+01 4.421997457629309736e+01 4.626879062342465687e+01
4.632832226206335235e+01 4.424397399616813686e+01 4.380182088081225800e+01
4.436010153659937316e+01 4.389486013289435107e+01 4.401544912812553889e+01
4.446879321705944221e+01 4.433149152030328821e+01 4.632674043936282260e+01
4.416264966355971922e+01 4.556689570119674215e+01 4.364780518890623284e+01
4.618781054599030256e+01 4.639425113593887318e+01 4.533448912294011990e+01
4.264656136207375425e+01 4.601710422204284612e+01 4.434475291021068699e+01
4.505007915438503119e+01 4.353022391281362502e+01 4.470107940941022662e+01
4.660641816272800497e+01 4.582445484969821337e+01 4.610101296313960972e+01
4.711270989990256908e+01 4.496366717142282710e+01 4.627560821948556935e+01
4.688487718397250603e+01 4.507163294809109289e+01 4.367603874417109466e+01
4.578433692328779614e+01 4.362142330161830728e+01 4.551462691968418994e+01
4.208061171007602752e+01 4.526110700443683754e+01 4.401302550622921217e+01
4.876963303951519890e+01 4.541981812060465984e+01 4.529717345268043260e+01
4.165136192387655001e+01 4.444434710966146440e+01 4.440575870373378109e+01
4.407572822081884567e+01 4.354328316128093945e+01 4.493490118508522357e+01
4.268729228708703261e+01 4.562324791289043446e+01 4.604915492964462942e+01
4.674438725233822822e+01 4.623916367567146324e+01 4.445833637890301304e+01
4.787045891307711543e+01 4.561027920918651546e+01 4.585336123565414823e+01
4.178750139401660135e+01 4.419136483843746532e+01 4.536494028344864660e+01
4.245390253368150013e+01 4.389582702593529007e+01 4.466785571054465720e+01
4.744495044379169713e+01 4.413632409801158474e+01 4.581908188156540263e+01
4.803494095779826978e+01 4.597797687504511543e+01 4.490454741919597836e+01
4.560563213812476135e+01 4.594013194470711881e+01 4.614715511077199750e+01
4.713902559980219564e+01 4.392255432003625515e+01 4.432673914174249319e+01
4.104702702700781458e+01 4.483167653777389461e+01 4.510232480660673815e+01
4.360822896616029709e+01 4.600794561802113947e+01 4.597791637233451922e+01
4.327837972045817594e+01 4.462704784576227723e+01 4.629881922364582891e+01
4.163392238796264166e+01 4.537822430260310114e+01 4.570815774833308609e+01
4.313031754526639361e+01 4.538228307729086453e+01 4.373233014953814290e+01
4.518657472677882936e+01 4.644967015312428771e+01 4.537988456641669899e+01
4.760504788990397174e+01 4.565177573802741051e+01 4.406147974340181861e+01
4.460382282463284298e+01 4.601976587424347542e+01 4.608904446885190964e+01
4.271049661456362401e+01 4.448620094384178003e+01 4.388566756753631637e+01
4.337463766418079558e+01 4.384212375650403715e+01 4.427031095675070560e+01
4.482233179946233292e+01 4.518569671180777192e+01 4.553222531707691445e+01
4.623184015021782756e+01 4.502983749805017055e+01 4.444458707121555818e+01
4.562731245765880317e+01 4.459140572259737212e+01 4.529268056896379591e+01
4.336196481295077376e+01 4.482156616360911272e+01 4.460719669773445872e+01
4.419991970612453969e+01 4.551821736307102384e+01 4.472626992807686719e+01
4.368791933220811075e+01 4.512316294370300085e+01 4.550916214271643412e+01
4.565133129758807229e+01 4.557903377899059194e+01 4.508234146716050361e+01
4.694423390352957171e+01 4.480413233371560722e+01 4.511406492573230054e+01
4.429626704864396913e+01 4.452407957373693392e+01 4.489439953418347073e+01
4.516980310935836940e+01 4.488997682016908186e+01 4.440237799712119227e+01
