4.022855907886382454e+01 4.549372965001292357e+01 4.442688975654733952e+01
4.753785158384643239e+01 4.307211684687261766e+01 4.595075905908298353e+01
4.673287167610182280e+01 4.270069977297187336e+01 4.543612411226590098e+01
4.521108766323387584e+01 4.314431270532530505e+01 4.333494209035924882e+01
4.221955056032957998e+01 4.300144379409110229e+01 4.556130933210134515e+01
4.119062927883311431e+01 4.662331552087505315e+01 4.490006917282190102e+01
4.166605170109387757e+01 4.593263430243051459e+01 4.338402159816371295e+01
4.607553299216893805e+01 4.490555883418829808e+01 4.744086754568007791e+01
4.801891461022523089e+01 4.632966060545255971e+01 4.351622922928534365e+01
4.228137468375599894e+01 4.347723076178854740e+01 4.644319042822024812e+01
4.339718003833581861e+01 4.689231661447210797e+01 4.643268501256258673e+01
4.617069691972555745e+01 4.457804627635272254e+01 4.260970812079330017e+01
4.630748813654874141e+01 4.647776893876080351e+01 4.309192796015373972e+01
4.501788321328923814e+01 4.251735626102589549e+01 4.525713418162804658e+01
4.468741267087975189e+01 4.601870454029166524e+01 4.728169239616302377e+01
4.357040803221948977e+01 4.520704513714319717e+01 4.261415501402677819e+01
4.842727959643200819e+01 4.681830767429937623e+01 4.512082813714984297e+01
4.691842826142136857e+01 4.725243579547128547e+01 4.448149256162334098e+01
4.568606951430547269e+01 4.320150386132807796e+01 4.669918358710087603e+01
4.536213792926148614e+01 4.612772759094269759e+01 4.277614843458889027e+01
4.181747992325945518e+01 4.506276276544693360e+01 4.693129588226244664e+01
4.271357462331273780e+01 4.469239383835170543e+01 4.279932691190444416e+01
4.119903314871322664e+01 4.428014048398502212e+01 4.354479070931978413e+01
4.786141536715314970e+01 4.443888013240515988e+01 4.303311884302124213e+01
4.785207460551732339e+01 4.693298854049224644e+01 4.430241585678150784e+01
4.633814742228367578e+01 4.654517479691799053e+01 4.685250836598380886e+01
4.730032145021916534e+01 4.369613847170015219e+01 4.679363114143887969e+01
4.153355291681131689e+01 4.660185404469983439e+01 4.583998524601966551e+01
4.795972730711344667e+01 4.444231375137128737e+01 4.693502213324175898e+01
4.774638599564550390e+01 4.316533108540195940e+01 4.401412670759491164e+01
4.648868258188752378e+01 4.735999067094753912e+01 4.537984277714119230e+01
4.762807106677591662e+01 4.537487191022437116e+01 4.709463871927361822e+01
4.358317691453449072e+01 4.419955943623028816e+01 4.274270832469849779e+01
4.476439769720914796e+01 4.347974164849655665e+01 4.697994800662866055e+01
4.549386278437020792e+01 4.747737330542143752e+01 4.526943683107701588e+01
4.848225497851741750e+01 4.327343558528299639e+01 4.546451533578911608e+01
4.956852792878051872e+01 4.568619800318525392e+01 4.425649507591630538e+01
4.873433036694582654e+01 4.646133599092003408e+01 4.420738320686757561e+01
4.886036288561842156e+01 4.472954824366031090e+01 4.656375848156029917e+01
4.138737830322268962e+01 4.350041948663394464e+01 4.585908409724129342e+01
4.712161936737007295e+01 4.679068195781388795e+01 4.361337348047513274e+01
4.068757764367197183e+01 4.377651513034682296e+01 4.467922647932464031e+01
4.177857749579791857e+01 4.668788501925092760e+01 4.409138883925092500e+01
4.268244349339693144e+01 4.710235132857073381e+01 4.428704198084308530e+01
4.528650034079610265e+01 4.410005547523104497e+01 4.267575183371874914e+01
4.240534699791091100e+01 4.290725052430693154e+01 4.458249958108774536e+01
4.876600578506349137e+01 4.471629008728079668e+01 4.338578709964534141e+01
4.060727623002124176e+01 4.413464845798367264e+01 4.582699454882093448e+01
4.155578435480524035e+01 4.415051760990289154e+01 4.660320292792225416e+01
4.447639324865444621e+01 4.567452155511223566e+01 4.260746266002924187e+01
4.278507356039330034e+01 4.528494234079730063e+01 4.722686246263528176e+01
4.208357391996055696e+01 4.703378243193094477e+01 4.511139813397331011e+01
4.342446652783274885e+01 4.615396861883057511e+01 4.292551247672037107e+01
4.396024243616423632e+01 4.309280971298996121e+01 4.652792554815447090e+01
4.616197625827338413e+01 4.713793290624334986e+01 4.383702121115027239e+01
4.176921105151535585e+01 4.601374783021115888e+01 4.662351969154424580e+01
4.668913374561272889e+01 4.568785163678269612e+01 4.725254033651044949e+01
4.662651127836072362e+01 4.308204153940820902e+01 4.637655838647809503e+01
4.349806654963775543e+01 4.691974887454074405e+01 4.358041340395628538e+01
4.927815075724194571e+01 4.629340969679208229e+01 4.504417348481031524e+01
4.441519213138955990e+01 4.365410404726416971e+01 4.291795176788663468e+01
4.839139737648608985e+01 4.381272685413843249e+01 4.360682628229028523e+01
4.717671449157927555e+01 4.599142996796987859e+01 4.298066533542110790e+01
4.702118040543360422e+01 4.458978501977853171e+01 4.724957210085840131e+01
4.795562838195321831e+01 4.671060198560967081e+01 4.607297350534425107e+01
4.987721642561609059e+01 4.550708564956822499e+01 4.519731494934045202e+01
4.094300981670436101e+01 4.612807258254784415e+01 4.406257004768144725e+01
4.438894288997703086e+01 4.431725942721807598e+01 4.738651207266052268e+01
4.848939685541321154e+01 4.565896476560367034e+01 4.666587497669353013e+01
4.271968083537181826e+01 4.624802058326470444e+01 4.684823706738083615e+01
4.910686361777410980e+01 4.395320780278649409e+01 4.596028152246799436e+01
4.404835912726113634e+01 4.525626823194167514e+01 4.744375496166210837e+01
4.978356396973644848e+01 4.459059617302871459e+01 4.559040115389183256e+01
4.686646304875932145e+01 4.276125604926760104e+01 4.441602830165552973e+01
4.094027738554545692e+01 4.492873732056092706e+01 4.646279491410193430e+01
4.487834722937837739e+01 4.282537881118706480e+01 4.622628449020783137e+01
4.593908143225722540e+01 4.255451630126934504e+01 4.484107633312483188e+01
4.747445678359086685e+01 4.715264934391821328e+01 4.531427082900039238e+01
4.800847809108174147e+01 4.543929296907498383e+01 4.305502082844240874e+01
4.317944489235014771e+01 4.361849498164926331e+01 4.687425460677320643e+01
4.534324534350673019e+01 4.668305185964666748e+01 4.684622041926286329e+01
4.321256677860102968e+01 4.267182712305455539e+01 4.512615861930511585e+01
4.247088510804569239e+01 4.689264392643764268e+01 4.604656949161868340e+01
4.491078721240094751e+01 4.726803560180073305e+01 4.606193808924672339e+01
4.526300828977571200e+01 4.691804180598775531e+01 4.339896459651903626e+01
4.600940740047666822e+01 4.283781208260667484e+01 4.386211446306803907e+01
4.444577984767744283e+01 4.467435673169913457e+01 4.253906622129773041e+01
4.591563543008354742e+01 4.716307183426975769e+01 4.617568952394273651e+01
4.823345027231429327e+01 4.366550856826970062e+01 4.635686917933237794e+01
4.530749335929026955e+01 4.739555185787459379e+01 4.428964265609414497e+01
4.434532514782181067e+01 4.678035205652597028e+01 4.673110652702160905e+01
4.307015393500111600e+01 4.296782250794993274e+01 4.608665919309147796e+01
4.940781304544382380e+01 4.543052385050241071e+01 4.609742423796465971e+01
4.607174394194266398e+01 4.357082237603967201e+01 4.302573541630673049e+01
4.408335294919356784e+01 4.263246771161838922e+01 4.564751915503728696e+01
4.626011471123849361e+01 4.557806673202584591e+01 4.265233691306913499e+01
4.041491683487838316e+01 4.455650500982473261e+01 4.410460802064692132e+01
4.337861336142354673e+01 4.280335829223683675e+01 4.413429389818711002e+01
4.884337637374727592e+01 4.569932258782282020e+01 4.356513562511895543e+01
4.535330867032475766e+01 4.515770610395520634e+01 4.251309211852019132e+01
4.419881665787987401e+01 4.256064520234859572e+01 4.465521787087796213e+01
4.340496162368631872e+01 4.449339723317605433e+01 4.731644913496842264e+01
4.454077839771754554e+01 4.749288579405028088e+01 4.492969178785418194e+01
4.045735439007482626e+01 4.602601365093217112e+01 4.524377560144544930e+01
4.540993663338095843e+01 4.416412866874995302e+01 4.734738526275161519e+01
4.503263743328353286e+01 4.507838706001490436e+01 4.750076986853666483e+01
4.437068487760109292e+01 4.656047009766767530e+01 4.307041093468039605e+01
4.090133753416645845e+01 4.588280423526438767e+01 4.613713130054520661e+01
4.255518138096996950e+01 4.654379422894947993e+01 4.345543186355389764e+01
4.254060301255552190e+01 4.567739223217229494e+01 4.293049305573944707e+01
4.260776541006310936e+01 4.326032552809097353e+01 4.366630170328215854e+01
4.363995855504315102e+01 4.735491158326423999e+01 4.448671461420791218e+01
4.708106175161808693e+01 4.501211046996628085e+01 4.272993026466721744e+01
4.395925424138789595e+01 4.733845520169842302e+01 4.573227291363122049e+01
4.245569088301694194e+01 4.429666972863351759e+01 4.703596852797031147e+01
4.769033759869665801e+01 4.289876562903435797e+01 4.497680185551223531e+01
4.581714393162652499e+01 4.268840540648974979e+01 4.584916149324047296e+01
4.942475617040813063e+01 4.384489263801573600e+01 4.501449226962132855e+01
4.734906968041649833e+01 4.628927717839306410e+01 4.679452055474448002e+01
4.512102009658826063e+01 4.261561663833562363e+01 4.426684544675021016e+01
4.886007031512382071e+01 4.626995031882742637e+01 4.595764155594623901e+01
4.303191458493662935e+01 4.728204751229149849e+01 4.531547753869823225e+01
4.178541052554152202e+01 4.496471938591255935e+01 4.308541565669251838e+01
4.695935967192095717e+01 4.697741377896385018e+01 4.618178327770733915e+01
4.367501127875813438e+01 4.613280973069048230e+01 4.713285658049373694e+01
4.569839890083020606e+01 4.586906278994216279e+01 4.732108719166441801e+01
4.431502360341880831e+01 4.289243512934517355e+01 4.370789578001321729e+01
4.988784234161166609e+01 4.471039225135658768e+01 4.457925982257387432e+01
4.352852843845825248e+01 4.334748940304523046e+01 4.327931341375909824e+01
4.441393061845917600e+01 4.720978396563124591e+01 4.386119275017370001e+01
4.094837814520074915e+01 4.525315151638952216e+01 4.355478188407371931e+01
4.695227679845983459e+01 4.403364579841836246e+01 4.291623620162626196e+01
4.926355344675678793e+01 4.411374459540155613e+01 4.405229289501653511e+01
4.210844643871334370e+01 4.401130909764626153e+01 4.321841149300354346e+01
4.688119229890009620e+01 4.323271945381102910e+01 4.351124180576249501e+01
4.634527055952315067e+01 4.385493806602326572e+01 4.711694036626472837e+01
4.166219822166783615e+01 4.346790756347921558e+01 4.394709612222729334e+01
4.009069636377223844e+01 4.452010451492920140e+01 4.505219530067695644e+01
4.867939694050080845e+01 4.339682348379832888e+01 4.448000464811359222e+01
4.025362773775178482e+01 4.519856102875289849e+01 4.577141934135053702e+01
4.149235185742212195e+01 4.322302431210151497e+01 4.490183468691229507e+01
4.410982559136345316e+01 4.498916114243347408e+01 4.342811577688642899e+01
4.314278395027721302e+01 4.621676628471696802e+01 4.420663645895018590e+01
4.585213863841822501e+01 4.515806935195266902e+01 4.346453603088927053e+01
4.319630589075105576e+01 4.526193221148412249e+01 4.376194110337971921e+01
4.400110390250080172e+01 4.592100272319101606e+01 4.378162144743825479e+01
4.829624951211033590e+01 4.430202339241797915e+01 4.466843657016018909e+01
4.709605431972755696e+01 4.367597973940233658e+01 4.475494910443587315e+01
4.479013323552685932e+01 4.634097715744782420e+01 4.423209426873188477e+01
4.812714269585834614e+01 4.516184747461730353e+01 4.401550012762934472e+01
4.402020952912657492e+01 4.650093263744703620e+01 4.485159250779523177e+01
4.675415091291294090e+01 4.475801285766186055e+01 4.364166987180944091e+01
4.450795037941995957e+01 4.384956336173006974e+01 4.392735463879235880e+01
4.467627783848978851e+01 4.343024309021810581e+01 4.502337456340178079e+01
4.561905998750016522e+01 4.493214065733058504e+01 4.441188687811094837e+01
4.502622854459696811e+01 4.459485876190464637e+01 4.350632938265778193e+01
4.320320134645491805e+01 4.425400806411006016e+01 4.368213023830905684e+01
4.298868927472572921e+01 4.470041542233961707e+01 4.464800471167287554e+01
4.808251688217587372e+01 4.583776530026413099e+01 4.494177333947125419e+01
4.660890171611534782e+01 4.574067475944595174e+01 4.376508423865603703e+01
4.316140360195967673e+01 4.420343371830832524e+01 4.604748285519755058e+01
4.392217405660172602e+01 4.456331054168474282e+01 4.431349112547230362e+01
4.422483094401491144e+01 4.543845038180302964e+01 4.545355939916188959e+01
4.569020256423443982e+01 4.613087274319269682e+01 4.384794840945070149e+01
4.748846737320683076e+01 4.413296586023632528e+01 4.392965309648250383e+01
4.632121492976471444e+01 4.507328341063409738e+01 4.561049790685010663e+01
4.459592948544504054e+01 4.530448755172599107e+01 4.440641367033105524e+01
4.627671218551934373e+01 4.562731300661202738e+01 4.470228178623981563e+01
4.187970477496919841e+01 4.591954061112718932e+01 4.507308162016462916e+01
4.496844816064312766e+01 4.662880491421254447e+01 4.519679331439739656e+01
4.627552109001356229e+01 4.391298961402843304e+01 4.395839336429382627e+01
4.730768413810870499e+01 4.483360850218789295e+01 4.530446797734759201e+01
4.773761798369386611e+01 4.395219816839512816e+01 4.550554622567519658e+01
4.386288796494124398e+01 4.360872653268977928e+01 4.561271282277350281e+01
4.541495927996981408e+01 4.356932711108376566e+01 4.433607646980483707e+01
4.483777921538334255e+01 4.438231442614069522e+01 4.470930641475891321e+01
4.702845371116838180e+01 4.579351227470360186e+01 4.534188266724031990e+01
4.679210034032868748e+01 4.393541875321091084e+01 4.583236087865189035e+01
4.151946404698963278e+01 4.430148911760237951e+01 4.449586093254641384e+01
4.406144255896979445e+01 4.408649175432849177e+01 4.647012259174958615e+01
4.377572887648090472e+01 4.455637291045992754e+01 4.530388623167168305e+01
4.491502685207211698e+01 4.559859541210718703e+01 4.350503062880963512e+01
4.595773505889225419e+01 4.429749931079415859e+01 4.624985840832088257e+01
4.124447013488261859e+01 4.530644570957634443e+01 4.460161729706194933e+01
4.423060375338021544e+01 4.636657954915653335e+01 4.582779453730661601e+01
4.313489380857629385e+01 4.625819729819863113e+01 4.526008735473933342e+01
4.712039156148949104e+01 4.626101421501588362e+01 4.446225648564606558e+01
4.537334115606240914e+01 4.358816260621435390e+01 4.580558135215712667e+01
4.707946687172184852e+01 4.484836402562538638e+01 4.628451345524157290e+01
4.649966423623827438e+01 4.456380973516577626e+01 4.475237866051256219e+01
4.566250869478959373e+01 4.439585173432426046e+01 4.528075127605067962e+01
4.815235651145587070e+01 4.480030737570490373e+01 4.585059368437377003e+01
4.293126260813124873e+01 4.363476018198920059e+01 4.524959467099591137e+01
4.373862537497956282e+01 4.360859941649952276e+01 4.461253178027446609e+01
4.492033310391754952e+01 4.464423218130825433e+01 4.660455268238555959e+01
4.617808051405733494e+01 4.351281055148639609e+01 4.514681818077404785e+01
4.219975470831302999e+01 4.418227385048137990e+01 4.565781875030745596e+01
4.515214464897473334e+01 4.514495697261013163e+01 4.576923130467995549e+01
4.587106269262895353e+01 4.667224666578741932e+01 4.468931199192809345e+01
4.226694774585973136e+01 4.572659181435533782e+01 4.417025286414016705e+01
4.450485537582773787e+01 4.556844747516930738e+01 4.640707886523381376e+01
4.243334621418031105e+01 4.389819155995250100e+01 4.441941027614480220e+01
4.720851939680667897e+01 4.525176597809915080e+01 4.440139886860229268e+01
4.229058607552086357e+01 4.475648239754315227e+01 4.392311904023652147e+01
4.309682399918403917e+01 4.527462516209870813e+01 4.546489245655560296e+01
4.531506565302031220e+01 4.571795728350152643e+01 4.496567722873921014e+01
4.766678721373969552e+01 4.563954903973881727e+01 4.609730477486765210e+01
4.365639801251679586e+01 4.500270020186770381e+01 4.649107062731506090e+01
4.465773318320746199e+01 4.427885143198275841e+01 4.568863727764344418e+01
4.257376437149935100e+01 4.498716414670252561e+01 4.627908944510452471e+01
4.883045129405817164e+01 4.511418516687363223e+01 4.497063679340286768e+01
4.340609407375095685e+01 4.592278118785006313e+01 4.618636482461920423e+01
4.208572730399313144e+01 4.494199932637673811e+01 4.501469755026810304e+01
4.167723865797189831e+01 4.526179139813313412e+01 4.587078642057166888e+01
4.244758201969416689e+01 4.590309216714898355e+01 4.589699371731174438e+01
4.580573996212985577e+01 4.524597072793699226e+01 4.653052826241657414e+01
4.615861236511867816e+01 4.637360128609446974e+01 4.559975805716870667e+01
4.363701471178449509e+01 4.546419518376310975e+01 4.464344681503594359e+01
4.527562556248042824e+01 4.610411386894138985e+01 4.602829984032928223e+01
4.662663243737893026e+01 4.578279487102382461e+01 4.625886562855713180e+01
