4.330866375337032537e+01 4.669989121852707115e+01 4.418574074104508043e+01
4.678870601747327385e+01 4.405015236792601740e+01 4.660415116639175892e+01
4.519840059484270967e+01 4.684798647109326453e+01 4.575929021275603503e+01
4.222318703943969354e+01 4.447459193913695685e+01 4.658062486475522235e+01
4.061563807586117036e+01 4.595740641828344053e+01 4.483202673724805720e+01
4.237306032806584710e+01 4.664172241273213615e+01 4.453714665243639104e+01
4.415196502795241429e+01 4.396041977241829102e+01 4.667428982514442737e+01
4.429974701179628482e+01 4.673626408099691787e+01 4.404438295165120110e+01
4.295241813172789591e+01 4.319943923849120893e+01 4.530789140054144326e+01
4.585380257184930031e+01 4.696984711369078980e+01 4.500043635913994677e+01
4.550208234142728259e+01 4.321907769455076220e+01 4.588469948487010441e+01
4.393940850064352333e+01 4.305695245574321461e+01 4.521898889852970882e+01
4.875984004643213154e+01 4.629780803967514657e+01 4.519235968569452666e+01
4.256106669814120380e+01 4.459324277751933607e+01 4.329766980672872023e+01
4.863813563772877302e+01 4.563715913221905396e+01 4.379033863713684127e+01
4.770206854566651344e+01 4.594572549003278539e+01 4.361103723716715308e+01
4.615706402219547755e+01 4.519794881949816556e+01 4.306442544888386692e+01
4.807506318135060042e+01 4.344666017171877570e+01 4.524307564459349607e+01
4.198238824666711366e+01 4.394701141005339196e+01 4.379566065564965527e+01
4.544742030164241697e+01 4.626731162748235704e+01 4.653506335254225945e+01
4.148913957192537794e+01 4.642906854554168206e+01 4.495532522838378497e+01
4.514146829231307123e+01 4.529382236715808574e+01 4.302136130850756501e+01
4.752771550632358100e+01 4.471789179581740825e+01 4.669772211695002539e+01
4.628479917897583107e+01 4.672418243499730295e+01 4.412808983559114040e+01
4.396463175463972561e+01 4.369930343894436930e+01 4.353558155856106282e+01
4.902093370868436040e+01 4.471405074491667619e+01 4.385277351023032111e+01
4.262317500136614967e+01 4.616073087221809601e+01 4.367209350972279935e+01
4.906332145432963898e+01 4.569112719492419217e+01 4.592751560855915471e+01
4.547624733462800606e+01 4.314998005277129778e+01 4.426508197774602138e+01
4.010686327220295766e+01 4.513336075815534798e+01 4.458236466581138302e+01
4.807641950240248718e+01 4.488560146168707377e+01 4.343067815644970153e+01
4.440654132200769766e+01 4.648254502064015981e+01 4.632119085667089564e+01
4.187589541441458607e+01 4.530413498024717001e+01 4.346248256856402747e+01
4.555464930401907964e+01 4.438656607123897402e+01 4.310881693301443818e+01
4.740269608038608595e+01 4.570580689087933024e+01 4.660109936313732959e+01
4.892503787883761390e+01 4.388910618536819186e+01 4.553057393781521256e+01
4.762071240300116415e+01 4.342868038658369301e+01 4.435092654926319256e+01
4.662209079059229566e+01 4.509821850327308823e+01 4.688606437616717670e+01
4.247307523121925499e+01 4.336277205407753854e+01 4.444331733795198147e+01
4.228087933710517632e+01 4.657675478256963686e+01 4.558495489580040072e+01
4.019121158769607405e+01 4.471326849167790130e+01 4.548789551718966351e+01
4.317783416712188682e+01 4.418897660648823944e+01 4.667764279087794677e+01
4.391088879890484975e+01 4.489522162364021085e+01 4.694910989270859858e+01
4.932367671635623907e+01 4.585264522229161344e+01 4.448602849044213770e+01
4.197833298511191913e+01 4.343370715688742223e+01 4.531294520982054763e+01
4.366384078893786125e+01 4.584055748241746642e+01 4.673483516234204416e+01
4.489783500727573085e+01 4.471245034025434961e+01 4.697758969047009714e+01
4.486917807901838273e+01 4.699215930274797870e+01 4.482570623013549493e+01
4.746429303945546252e+01 4.359590725784408960e+01 4.602107510628362519e+01
4.824795375464019997e+01 4.416828299826335069e+01 4.626576815694654954e+01
4.106547973987289879e+01 4.483363510282457298e+01 4.622875635877410616e+01
4.413017853603169272e+01 4.533653818793534640e+01 4.305714230622214700e+01
4.168026606606572670e+01 4.613120386129955364e+01 4.401261103246240225e+01
4.672028625709498328e+01 4.609216224456609723e+01 4.347346654184062231e+01
4.564698102828562298e+01 4.537681303367992314e+01 4.694505789655887895e+01
4.832848608660799528e+01 4.526863203175608419e+01 4.646171440879107450e+01
4.979508229933431807e+01 4.489601744815301743e+01 4.446136092315290966e+01
4.589421893615706693e+01 4.440977643605835112e+01 4.687472264273758782e+01
4.082393051014803120e+01 4.394636424589772616e+01 4.534193011161177367e+01
4.684393525609394970e+01 4.685186730488314311e+01 4.513663916921115771e+01
4.451374302592985543e+01 4.329125311801911380e+01 4.602037978306087496e+01
4.925992371109188639e+01 4.405343946034830083e+01 4.457329374838900549e+01
4.602268347642753099e+01 4.364410873634903965e+01 4.358837894685630943e+01
4.292434939033360308e+01 4.516492119297124930e+01 4.681332504096455693e+01
4.469699247416350829e+01 4.569217909335920069e+01 4.687162720819068085e+01
4.184885874295022745e+01 4.539993539714181736e+01 4.650389289190309228e+01
4.297093363383913811e+01 4.375472898672403232e+01 4.365739632521368208e+01
4.714996656869591618e+01 4.521200487326829887e+01 4.320821397989062973e+01
4.513953174610532670e+01 4.381071054798229625e+01 4.660536636587169568e+01
4.608453254163723045e+01 4.305105111024474240e+01 4.508652085111717867e+01
4.781730399266496789e+01 4.663419800118384728e+01 4.521652007720165756e+01
4.727150999679606969e+01 4.661753858924554095e+01 4.425814102356821422e+01
4.823808091464216119e+01 4.637023662564594417e+01 4.434234282270620042e+01
4.501198332517977008e+01 4.364761019474073578e+01 4.352549004970650515e+01
4.664658725926206984e+01 4.434030040632519842e+01 4.323142402748926827e+01
4.311415838331136285e+01 4.542077022939517406e+01 4.319246562017109170e+01
4.619382182865959408e+01 4.671573738478669213e+01 4.590619639106363081e+01
4.529799008475077926e+01 4.670829134146028139e+01 4.396582206678878890e+01
4.709800960555416793e+01 4.319575923997692257e+01 4.517269585741644988e+01
4.261798361213202213e+01 4.603455053024499932e+01 4.642452599102696098e+01
4.315115967670172381e+01 4.685355747896967671e+01 4.516129043085238948e+01
4.754212501441772076e+01 4.404725584537077054e+01 4.356816302936204011e+01
4.908100575612414218e+01 4.470441884147693656e+01 4.610751267584111446e+01
4.663621698521910730e+01 4.325575564355190750e+01 4.427678761037407185e+01
4.056751730446880799e+01 4.425929770600146185e+01 4.442651452672392054e+01
4.446987397559639987e+01 4.316998112832781942e+01 4.421918571673039366e+01
4.138002076072494617e+01 4.368882276277555832e+01 4.455171023490217408e+01
4.060001270777434002e+01 4.558494797500439688e+01 4.576042106473231286e+01
4.812468975335062993e+01 4.615480317762792595e+01 4.604306143637784743e+01
4.154792682805683057e+01 4.397985230720586003e+01 4.603198487559309626e+01
4.410368469388593837e+01 4.691288813365574129e+01 4.546464312498688543e+01
4.979565014074880480e+01 4.546648668032207752e+01 4.528385883588689609e+01
4.493105530218586807e+01 4.300245626495434692e+01 4.509102919474479876e+01
4.145654522932083808e+01 4.609353364267749953e+01 4.589955801748025266e+01
4.842585791008138330e+01 4.392764015522162424e+01 4.402077353323355169e+01
4.641940669179510337e+01 4.603910420850996843e+01 4.660866155307252257e+01
4.340203637781074519e+01 4.655520969617293758e+01 4.608523909190079593e+01
4.649190516425819197e+01 4.334993164681756639e+01 4.595461654283383979e+01
4.254887172376540150e+01 4.365236438112317785e+01 4.610912192208508031e+01
4.473048385299235008e+01 4.614375597355463299e+01 4.336108033606866741e+01
4.122378174789790251e+01 4.459781000681910257e+01 4.374435254170936105e+01
4.354956245845383478e+01 4.452142873673379597e+01 4.314381457271676368e+01
4.352661856572788679e+01 4.343309472550505745e+01 4.609571251108778966e+01
4.972060207590055114e+01 4.447241799295512976e+01 4.536583472305147779e+01
4.372954355938013293e+01 4.616524859492162136e+01 4.345272215728172682e+01
4.718018184681169913e+01 4.648578807350811815e+01 4.601000608134772563e+01
4.088155861202025676e+01 4.550893065298775042e+01 4.397607160193145148e+01
4.454947713458226133e+01 4.442413374440238272e+01 4.309144864886204118e+01
4.572834541416580834e+01 4.606439377018942594e+01 4.333158261543077572e+01
4.346503036779425599e+01 4.320885541987686906e+01 4.434991002781920599e+01
4.684729303800443034e+01 4.432141358625145955e+01 4.423958703626869493e+01
4.845695173959541791e+01 4.495302423601215480e+01 4.465809031406947582e+01
4.357661714105648088e+01 4.423172630726742227e+01 4.429451217263559926e+01
4.445471348602097095e+01 4.399496664031374138e+01 4.483222634010218854e+01
4.544304178655431059e+01 4.386687395869183348e+01 4.501270578537027944e+01
4.277909067703776458e+01 4.588286965694272368e+01 4.506411226954944738e+01
4.353785933953411558e+01 4.401206797602709742e+01 4.527065231881805829e+01
4.667774816484081413e+01 4.594993633384289922e+01 4.472500983981392864e+01
4.543633398505642162e+01 4.532606395748287298e+01 4.397707640132447438e+01
4.781106352851120533e+01 4.565217677331795443e+01 4.498777531579938938e+01
4.335503958509283251e+01 4.499247646346426421e+01 4.496456358538666365e+01
4.422218394707221023e+01 4.557062943183427706e+01 4.594368941480873758e+01
4.478074431279247136e+01 4.422837282401613379e+01 4.575216121116498158e+01
4.765654175097563439e+01 4.431620532123859846e+01 4.484406338979865581e+01
4.452953367613745428e+01 4.501170554692311754e+01 4.490457955867682927e+01
4.488072069911041240e+01 4.449666255181959684e+01 4.403871802991653084e+01
4.405740162810592864e+01 4.506494358212800222e+01 4.402126521017391525e+01
4.551963117027688099e+01 4.503356917278862426e+01 4.510534475548211475e+01
4.331077977747651175e+01 4.569722900314727099e+01 4.423252823596916983e+01
4.258331239922918598e+01 4.434626334950293369e+01 4.467726947669702753e+01
4.234993945671813975e+01 4.526213870162638386e+01 4.434495849013536173e+01
4.577027180862195621e+01 4.418848036321411854e+01 4.590257927071159827e+01
4.585357863331430650e+01 4.443743129189865471e+01 4.426475129775699457e+01
4.198117062499758845e+01 4.536480425516182180e+01 4.538162761223171771e+01
4.384923054246519314e+01 4.464216299375627273e+01 4.598259103634393341e+01
4.463163461189935788e+01 4.582935239022505414e+01 4.432016007500819654e+01
4.156097270435830637e+01 4.472445956775212750e+01 4.468165748419662009e+01
4.568103200254056162e+01 4.605045118609299237e+01 4.462493980557315609e+01
4.569071407135266583e+01 4.589319589366325403e+01 4.561802689554607326e+01
4.379460661367005514e+01 4.589954507197172262e+01 4.508538768959959242e+01
4.649457891443218216e+01 4.524762625305125141e+01 4.400637131685843428e+01
4.515181789429060188e+01 4.516143035064958866e+01 4.607668927858120611e+01
4.659579092136142719e+01 4.496931087860806286e+01 4.499937057845353650e+01
4.644751864396774010e+01 4.398404041122455510e+01 4.511313916097737575e+01
4.319688635653130149e+01 4.542856339653576470e+01 4.585766401181536622e+01
4.476257157523338748e+01 4.608567451952289673e+01 4.527795629321887105e+01
4.621280030518138204e+01 4.510179043778273922e+01 4.594508876645463147e+01
4.706296468179797188e+01 4.450665532415060710e+01 4.575470634704377204e+01
4.268445272897492515e+01 4.458402822944864141e+01 4.568017936431666470e+01
4.706438477628420713e+01 4.554825545148803201e+01 4.566982291486347378e+01
4.801678207972467760e+01 4.487856070498830263e+01 4.559134353746508594e+01
4.747623178926700405e+01 4.512068326340299507e+01 4.420617083408240688e+01
