4.191099833024924237e+01 4.539154406961070265e+01 4.637651315225556914e+01
4.560235664807885314e+01 4.305268391478691115e+01 4.722857525269924395e+01
4.755615513028602237e+01 4.301205079367284156e+01 4.547392843147703445e+01
4.329259803612019653e+01 4.288543250938427320e+01 4.656142173159534536e+01
4.532576104898220137e+01 4.785113685830999941e+01 4.412461054678212236e+01
4.301721383535219445e+01 4.436837086386202600e+01 4.740237438226289157e+01
4.201578945545922750e+01 4.523543016745259138e+01 4.344263283040416468e+01
4.767743212771606665e+01 4.691928868718857615e+01 4.506193868609643971e+01
4.539122987196543590e+01 4.472886853830434006e+01 4.797386817700643746e+01
4.213037410214896283e+01 4.356372228901400945e+01 4.597228579414418448e+01
4.448511322030131510e+01 4.425362909545280843e+01 4.213202328136705432e+01
4.686800715723101973e+01 4.355355608595056083e+01 4.292654839060540439e+01
4.315460899677675854e+01 4.688668840215139255e+01 4.672538444694048110e+01
4.817355428018268526e+01 4.377960136229505395e+01 4.527166082963451288e+01
4.532073774600643645e+01 4.798245465419942946e+01 4.511685414703731567e+01
4.743166171828132605e+01 4.509670790365321125e+01 4.715313765906502397e+01
4.388990303601380560e+01 4.354717429083407865e+01 4.255512220941770352e+01
4.778047966407714853e+01 4.325463567816834143e+01 4.451483578680783637e+01
4.804925716905263045e+01 4.538376595816684045e+01 4.641156160424780808e+01
4.203498254842649828e+01 4.365074872366864156e+01 4.412908642775676071e+01
4.407716221181746619e+01 4.210928635031611122e+01 4.479785937191959988e+01
4.614371795690868083e+01 4.217170100133860444e+01 4.481889330475277688e+01
4.220344800740107871e+01 4.425675435080070486e+01 4.334902856997405252e+01
4.710425789464772350e+01 4.303719707096998093e+01 4.637405833029042412e+01
4.338660765280789633e+01 4.558097815652021723e+01 4.240374008455809474e+01
4.803786274136417234e+01 4.472616795821292612e+01 4.355585414854073179e+01
4.427524515796176274e+01 4.274882948857222686e+01 4.311741606421141171e+01
4.692948711575166243e+01 4.618176497184164475e+01 4.280679769934350531e+01
4.463388158561039631e+01 4.222767670726581457e+01 4.389565180987582949e+01
4.800042335308645391e+01 4.630942959096967826e+01 4.579494528086291893e+01
4.770618274335558340e+01 4.664474965525688077e+01 4.407379023771542847e+01
4.426853169006926692e+01 4.522857679195978164e+01 4.207934064124813744e+01
4.548697172419930013e+01 4.412684396522571717e+01 4.216679020476462370e+01
4.696641126021732049e+01 4.693587222658019442e+01 4.346462069720824672e+01
4.686992390015925736e+01 4.590085209934217403e+01 4.736987819616251727e+01
4.828808043216631773e+01 4.454808753384099873e+01 4.590429760301745432e+01
4.420552767154875085e+01 4.248000433481122684e+01 4.649161026197837998e+01
4.462147897001750607e+01 4.208394341142965800e+01 4.564516444492939229e+01
4.262520257761477183e+01 4.589238991816067426e+01 4.298329705821157631e+01
4.386969358260469676e+01 4.749279571504532527e+01 4.636708738565917542e+01
4.424782518732513381e+01 4.620424306752660470e+01 4.233374289861036743e+01
4.351644320701561242e+01 4.768748923406614892e+01 4.541862452568383901e+01
4.597177733255674070e+01 4.636707901097614126e+01 4.753909279331359983e+01
4.525501854333339935e+01 4.740537450442476342e+01 4.323021061614394966e+01
4.367147657667229055e+01 4.343902683924990527e+01 4.730624687141994400e+01
4.503478230353792355e+01 4.671261058470096827e+01 4.746717498741244867e+01
4.167406799220536584e+01 4.458650639067991506e+01 4.413902015855052241e+01
4.617073139728506703e+01 4.750184000821161590e+01 4.369943144159128678e+01
4.165074491246495825e+01 4.410005343697005742e+01 4.502415222918799032e+01
4.825068593046503196e+01 4.413525875427832545e+01 4.433822307082238012e+01
4.452051801670246789e+01 4.788477659550095211e+01 4.571571979698227040e+01
4.728808942454649866e+01 4.698560106703644124e+01 4.608741190507103624e+01
4.264523248858633053e+01 4.536861777139137075e+01 4.720179946144928351e+01
4.196811265333047913e+01 4.648951724069880242e+01 4.475086637193010120e+01
4.588841894410474964e+01 4.389706256934260864e+01 4.768821946697576664e+01
4.771175020058826988e+01 4.376736824636169843e+01 4.357605490081103028e+01
4.446261439468237597e+01 4.512415210715516878e+01 4.796882126938017166e+01
4.202044622314758726e+01 4.639067151249304288e+01 4.576769026030466136e+01
4.355145802731237836e+01 4.725035800401163755e+01 4.345477384048639635e+01
4.441995026902478116e+01 4.766648594501109670e+01 4.372523121033607651e+01
4.519917850606979925e+01 4.580370225893467051e+01 4.788999926554090791e+01
4.733473867290281589e+01 4.445114929423473882e+01 4.284647111372903794e+01
4.520518498633261117e+01 4.243190598503954902e+01 4.654903635560279440e+01
4.361784850730927587e+01 4.244704131596343188e+01 4.395260056304945806e+01
4.480820539800484426e+01 4.742525331604042549e+01 4.676185028015697753e+01
4.627191837218228443e+01 4.275300769805929235e+01 4.334643718036626581e+01
4.424364654161333021e+01 4.607597214843322320e+01 4.773128195032906262e+01
4.565310635372284054e+01 4.213305154441091815e+01 4.569112509113377030e+01
4.705148698934162610e+01 4.259051574291697762e+01 4.471793698196792377e+01
4.660457422070082600e+01 4.342395719424982303e+01 4.715240846840224265e+01
4.354683044022787897e+01 4.457269789785908642e+01 4.230607157966379361e+01
4.349132220953505623e+01 4.519723772647949289e+01 4.770941702760811154e+01
4.677381966176832861e+01 4.524910040102292896e+01 4.243679539916780641e+01
4.436524610384910261e+01 4.705271825077631576e+01 4.288663101726965010e+01
4.345712292023505086e+01 4.762461712500319067e+01 4.439454565351725535e+01
4.673217981190055781e+01 4.678040662620055912e+01 4.690143442206201030e+01
4.489149695157097142e+01 4.385335021564286251e+01 4.777757749212344152e+01
4.364463463622934114e+01 4.231132074611811333e+01 4.567800090317997785e+01
4.840747271534104357e+01 4.544441587576908148e+01 4.547620356465968428e+01
4.208937043545677170e+01 4.616686539718921267e+01 4.380118523327799096e+01
4.439970116168316849e+01 4.793982969774859981e+01 4.470750255868949807e+01
4.274910039775181758e+01 4.280876064513169865e+01 4.572508736274137675e+01
4.273006069903517812e+01 4.292711073692724710e+01 4.402671177698367444e+01
4.545980473883169282e+01 4.776827628477217758e+01 4.608429716734347892e+01
4.330693571591308455e+01 4.306735550516832234e+01 4.321942353780679014e+01
4.822236927620628677e+01 4.612128658128730763e+01 4.475482880858382373e+01
4.394060025730766483e+01 4.428283459450396720e+01 4.777692896083708263e+01
4.577161103329771663e+01 4.716843412778504785e+01 4.696546936892382007e+01
4.686419297108022874e+01 4.750867181269736506e+01 4.534657872287017710e+01
4.605949053823236028e+01 4.601259156591221000e+01 4.233549688400505318e+01
4.509972664065404047e+01 4.200962232701296273e+01 4.475834324228070216e+01
4.161437035377014126e+01 4.554665977572234681e+01 4.443488060970902609e+01
4.752849197558836636e+01 4.621256612832571875e+01 4.667649134195258398e+01
4.511653513755116762e+01 4.576232628379809597e+01 4.210683292823784996e+01
4.619128787749691867e+01 4.779431968864581393e+01 4.465883098157416953e+01
4.704412807539980435e+01 4.734366671526458958e+01 4.437473824650990650e+01
4.330268241649008587e+01 4.613574309023673692e+01 4.737498472945652850e+01
4.612060714151937191e+01 4.541043576803441084e+01 4.781490375772467871e+01
4.488310099085404659e+01 4.338804114372628362e+01 4.247600427652899668e+01
4.223404480900428837e+01 4.454415815671484324e+01 4.679824901295673101e+01
4.171677113259960379e+01 4.449550682943335289e+01 4.594113741753280067e+01
4.297406549039791912e+01 4.391951201694422480e+01 4.280340705129557932e+01
4.521296291016578550e+01 4.666787757690090643e+01 4.252087556024621051e+01
4.619982379558712893e+01 4.263647320437699761e+01 4.653831445736300054e+01
4.584652780017736262e+01 4.505881338388736168e+01 4.209759898444616510e+01
4.587260402476433541e+01 4.332835684707060864e+01 4.263081155269054534e+01
4.782414394894439624e+01 4.371830730381253716e+01 4.621502756922460264e+01
4.664626464815809470e+01 4.455843453963657907e+01 4.761194284149139833e+01
4.665341186019902864e+01 4.244169981802218672e+01 4.566416108971749566e+01
4.564666446996589144e+01 4.224843640855220883e+01 4.394573163765275581e+01
4.645832969866717832e+01 4.429221693714262642e+01 4.237548946132329775e+01
4.242960085876056553e+01 4.619948143324469214e+01 4.666077219798711440e+01
4.271999122813099348e+01 4.711899834715348589e+01 4.585101701281601549e+01
4.340266456208648549e+01 4.650363327685034420e+01 4.279646648717928770e+01
4.527978867659427920e+01 4.267880214414319084e+01 4.311898079562790542e+01
4.265335825978453954e+01 4.722623899301491690e+01 4.485598962790176358e+01
4.714216023952302947e+01 4.296593454885542940e+01 4.379384168055007365e+01
4.158190019731380005e+01 4.552354914060072844e+01 4.544044366664320478e+01
4.312382528966411144e+01 4.246580988990005778e+01 4.483528059534073407e+01
4.756509395605905155e+01 4.543124686874539719e+01 4.302051638270856415e+01
4.844491898017314924e+01 4.509857059988230787e+01 4.453520833540483181e+01
4.458958367592839522e+01 4.303206686720167795e+01 4.724576157488530725e+01
4.268265601238385898e+01 4.492094231437322094e+01 4.275149657975838124e+01
4.269173632453009759e+01 4.696337272812216668e+01 4.388528659561627876e+01
4.640559104079317621e+01 4.745167775940744548e+01 4.623353638699640555e+01
4.809809704692778354e+01 4.572976356706733725e+01 4.383609786641009975e+01
4.405392374096201991e+01 4.690845189701546758e+01 4.717507815077559030e+01
4.268142737037335621e+01 4.363903642448919129e+01 4.680497039223074296e+01
4.733529231746297938e+01 4.410114131964752460e+01 4.704430124494457743e+01
4.614712617491211688e+01 4.685957648915985629e+01 4.287249647177131351e+01
4.216301124914234322e+01 4.322960810091190353e+01 4.502737327365380793e+01
4.624525428023110152e+01 4.303508147782063276e+01 4.430756142517022056e+01
4.583294057926941889e+01 4.538478264138709051e+01 4.308075114697680164e+01
4.598160543219997720e+01 4.491265488336353684e+01 4.400344561008486721e+01
4.362070403781580552e+01 4.562041787127672876e+01 4.459513731348235410e+01
4.481118085261932293e+01 4.581291986664350446e+01 4.306170393533292895e+01
4.699448950725534502e+01 4.469674564352662571e+01 4.376326380303944319e+01
4.496338149664943984e+01 4.407933740028617819e+01 4.319954105081252038e+01
4.448720686483493125e+01 4.295896022249492319e+01 4.517909689738582557e+01
4.402645536269703541e+01 4.444303763577290312e+01 4.318027811518813053e+01
4.435692948563444560e+01 4.507779655853537548e+01 4.505389318808322230e+01
4.505309708824575665e+01 4.504428257112191147e+01 4.365472558638524703e+01
4.596887835419057922e+01 4.398530532583291830e+01 4.448530790634024612e+01
4.468294911315528850e+01 4.583466751596009203e+01 4.436428073969381103e+01
4.512118304202686403e+01 4.372753795231363227e+01 4.502462974566125098e+01
4.663953100504715366e+01 4.564935544240289289e+01 4.362000787777650146e+01
4.383268847622083797e+01 4.335068578223668823e+01 4.432450585570698820e+01
4.327645051232980933e+01 4.410575182393159821e+01 4.375283858064119613e+01
4.561418868875728805e+01 4.346732860599887260e+01 4.365150496241069789e+01
4.503015866120594524e+01 4.492150361115630375e+01 4.266057494271175443e+01
4.695913171760865623e+01 4.383012254402611774e+01 4.426283640477506509e+01
4.690179355901926073e+01 4.413409109624166859e+01 4.603639713276500345e+01
4.698102248378136636e+01 4.443794266756282241e+01 4.505691966999908260e+01
4.301809307494460199e+01 4.512745150288027673e+01 4.370071558837747006e+01
4.622724238735234792e+01 4.419909809455246119e+01 4.334673625988948231e+01
4.355476784222338438e+01 4.575076265075965409e+01 4.589109068156734850e+01
4.261895105525255190e+01 4.565727371037652915e+01 4.447948452977657752e+01
4.466983117504970835e+01 4.387122514005792340e+01 4.413421775573020511e+01
4.258814653427060648e+01 4.465628095606875547e+01 4.456021290322168937e+01
4.389149532565596701e+01 4.550155458039609613e+01 4.330724639183014801e+01
4.571092377353923553e+01 4.584830512204484876e+01 4.423225654544173580e+01
4.426029046565835756e+01 4.605599005253044709e+01 4.524820436793005030e+01
4.359570663807782154e+01 4.662469429432875501e+01 4.460497867530446570e+01
4.676393785686175875e+01 4.637357370335816142e+01 4.431052391584729833e+01
4.519319553344453766e+01 4.461696645130228234e+01 4.454924189885353059e+01
4.579216177345912797e+01 4.301286269922476890e+01 4.523252431116435446e+01
4.415688657189418365e+01 4.491602744348586640e+01 4.408443666989008847e+01
4.666814865289244807e+01 4.349723780901756953e+01 4.519108026414414070e+01
4.661491509644758224e+01 4.554456404214077025e+01 4.579247142681292360e+01
4.363897240993188831e+01 4.673776129502222432e+01 4.574897740643405086e+01
4.510326732537415495e+01 4.297860604860839828e+01 4.436127523586846166e+01
4.652531202052446702e+01 4.519837075663421189e+01 4.674027886657679431e+01
4.631823658198587879e+01 4.518940042114009970e+01 4.490509443134694578e+01
4.545953573747436138e+01 4.645697677997108599e+01 4.347969006626308186e+01
4.585735057601938536e+01 4.683882732488591216e+01 4.439619543212558028e+01
4.287204351295876847e+01 4.522758838375882107e+01 4.534653210617124586e+01
4.380291964292606366e+01 4.425938466475192001e+01 4.475144310232447964e+01
4.737054215142663338e+01 4.526451637288348451e+01 4.451951105314279289e+01
4.484398761494686170e+01 4.684434494501758195e+01 4.428108329057192094e+01
4.537276878699971405e+01 4.674433318284389571e+01 4.614991531941623748e+01
4.721348966934496616e+01 4.603539458733770573e+01 4.513843503430391024e+01
4.323909504971911133e+01 4.610671769126280140e+01 4.380549139978960937e+01
4.420020671911526478e+01 4.639127804402887278e+01 4.366074501847727163e+01
4.270281579183384935e+01 4.420954784823285877e+01 4.545185358606671855e+01
4.523023800575144548e+01 4.385305586779252707e+01 4.675614263631724299e+01
4.608188460536738518e+01 4.351301862051730751e+01 4.605007162767544315e+01
4.293354530541387959e+01 4.371433625982900395e+01 4.460926735605868743e+01
4.615797965253086943e+01 4.425700261773217647e+01 4.671508850949631864e+01
4.509561349918865858e+01 4.323791927814865943e+01 4.595529979168134105e+01
4.606634348797165046e+01 4.432762905995937075e+01 4.545607546677149458e+01
4.507511107878688961e+01 4.458019095722178093e+01 4.554509491974576463e+01
4.353728700342066560e+01 4.326090598076701355e+01 4.528270257379431030e+01
4.336483842688198109e+01 4.382081178937690424e+01 4.609335121417402092e+01
4.614417918236078009e+01 4.616062232260646425e+01 4.507802854782026714e+01
4.533346691377454363e+01 4.545914114634534542e+01 4.507540039522876896e+01
4.443991590365662603e+01 4.501268244382775663e+01 4.618500411092240654e+01
4.297502437715694867e+01 4.502191542969673321e+01 4.632086345464291099e+01
4.437692905838402169e+01 4.641846059835830829e+01 4.635650160214331805e+01
4.439201787785832920e+01 4.704873028574065330e+01 4.516362078394202939e+01
4.427772944495140450e+01 4.388802264827230459e+01 4.555159409580024032e+01
4.426928355409272342e+01 4.367925740904836118e+01 4.653767377451509901e+01
4.576758330379659867e+01 4.508590904199862592e+01 4.606023383998788745e+01
4.581557719531338790e+01 4.591815511123676430e+01 4.665734237380942062e+01
4.365989339150756621e+01 4.467701368279398366e+01 4.565523639061163408e+01
4.481168685976813038e+01 4.572565006347051053e+01 4.694894620904238991e+01
4.748725972676715656e+01 4.508236139824741429e+01 4.563043197151166197e+01
4.506332619914909543e+01 4.579274722259895469e+01 4.598012720047078972e+01
4.633069102286108887e+01 4.647897991158367859e+01 4.600875711142889912e+01
4.519218060032523709e+01 4.644198821029043245e+01 4.520164132395733958e+01
4.587329823881913882e+01 4.715449629610900928e+01 4.537256809502894583e+01
4.290046934263748568e+01 4.623860521318563599e+01 4.528992009379277306e+01
4.384280710063897146e+01 4.550065595384315031e+01 4.682228796144044480e+01
4.464630867453894325e+01 4.457998937993253463e+01 4.713362128355677072e+01
4.373711644706674662e+01 4.451055802329535283e+01 4.672246767350869590e+01
4.553602149653909947e+01 4.503289711136385876e+01 4.703164190594745975e+01
