4.333699563145140132e+01 4.401178164520624136e+01 4.137388762744031112e+01
4.076919180310814284e+01 4.626416535173467537e+01 4.672372892505305231e+01
4.474749789597083804e+01 4.794269423404982433e+01 4.772524235083110966e+01
4.790790978974429493e+01 4.622752399006897406e+01 4.198453639140802807e+01
4.673267993866544145e+01 4.755508234783390265e+01 4.224442591119134249e+01
4.933073010051312224e+01 4.349074809417680854e+01 4.631823299910305991e+01
4.573133004081655884e+01 4.874074940260794619e+01 4.367483458595751245e+01
4.447380159413266654e+01 4.531470251296127572e+01 4.104255123680195538e+01
4.557122488290815454e+01 4.751456307463503492e+01 4.809790400845683678e+01
4.523028582402572795e+01 4.465999001029339865e+01 4.102807512882259289e+01
4.182587234211641203e+01 4.387210748231704827e+01 4.787499043401568599e+01
4.991735390591651367e+01 4.557801980956052290e+01 4.551106367227646388e+01
4.672261853052695812e+01 4.855324937977547961e+01 4.374623105042037707e+01
4.776251204779060799e+01 4.437024040926203838e+01 4.828353173765296447e+01
4.762020869029856840e+01 4.267045828050169121e+01 4.748561130033694155e+01
4.321139593878309881e+01 4.179096297408371186e+01 4.689136921177771455e+01
4.494071369513940795e+01 4.101569945633724501e+01 4.509860505234611594e+01
4.373317394395510860e+01 4.598144556686972351e+01 4.126326357166500713e+01
4.629393239052687647e+01 4.320330782335912545e+01 4.842313683322585405e+01
4.087765775168075777e+01 4.318245119943412647e+01 4.369317111198343184e+01
4.163989329614018686e+01 4.368627625359761169e+01 4.236656443081626833e+01
4.509957591564068480e+01 4.713493806429097788e+01 4.161755088664234847e+01
4.285055190403319614e+01 4.245752990951331185e+01 4.755507666336640682e+01
4.020418286440339273e+01 4.565640284243191616e+01 4.410115970265238161e+01
4.723597256490174345e+01 4.798819189584165201e+01 4.301404919697588980e+01
4.666343888643380922e+01 4.126441826498012233e+01 4.543588933358105919e+01
4.948212407262282397e+01 4.568546483982819950e+01 4.666188299477684609e+01
4.043909521628161485e+01 4.342189784386475537e+01 4.533751914509558389e+01
4.919470027108903309e+01 4.613745435464952038e+01 4.313309629064339390e+01
4.553376936139329700e+01 4.596791296739789345e+01 4.887012652170741944e+01
4.762978457872954152e+01 4.327528586027708002e+01 4.208018773352289088e+01
4.345726113042196914e+01 4.857856583326220345e+01 4.368226149303163197e+01
4.942951492206810826e+01 4.652021577002761887e+01 4.611128115280929762e+01
4.890800410471436521e+01 4.701872032805741242e+01 4.351019383761351378e+01
4.055310578934114574e+01 4.659386852585851102e+01 4.410971406408110340e+01
4.486531754606173195e+01 4.410578368758228862e+01 4.890215360893213870e+01
4.372628586688763619e+01 4.771630558235531794e+01 4.224266109827833304e+01
4.929926571269736257e+01 4.478073147070799820e+01 4.704698192200267215e+01
4.629038293864725517e+01 4.608411349132131818e+01 4.129326292651525421e+01
4.547063093261114375e+01 4.140547518233653079e+01 4.669322603285102957e+01
4.070588648070514637e+01 4.607389821728722268e+01 4.326595888417179481e+01
4.530264368004560538e+01 4.322173107402360870e+01 4.857637438662582952e+01
4.743793883358189589e+01 4.610983644759200217e+01 4.832780068431463860e+01
4.278333313472883503e+01 4.737059733033720477e+01 4.230973520526013942e+01
4.399471246550075421e+01 4.133205776520711083e+01 4.367244101622439700e+01
4.181729760097528015e+01 4.490115728447028687e+01 4.808642247524895197e+01
4.121504540114474935e+01 4.550885376596275478e+01 4.756794158413958939e+01
4.706481423332851932e+01 4.196671760135365048e+01 4.700903613802226744e+01
4.291409687035293530e+01 4.853225199135499679e+01 4.591392356616717052e+01
4.227493944862735020e+01 4.217286774186918308e+01 4.678261822444777351e+01
4.396577499289001878e+01 4.455153458418807588e+01 4.889314208423877517e+01
4.400574408141358163e+01 4.250772978214909870e+01 4.199588634578709900e+01
4.493851515992386680e+01 4.882880751205492231e+01 4.621115525650063205e+01
4.892841079136469773e+01 4.323138779162594858e+01 4.328178770226338656e+01
4.236428340250051860e+01 4.161961955285215708e+01 4.508072762054882787e+01
4.752945552396899132e+01 4.839998058347205756e+01 4.569110101561837212e+01
4.610432054643584365e+01 4.186746524662260072e+01 4.731639443022660885e+01
4.587296132037742780e+01 4.317704371965196231e+01 4.152341985701573890e+01
4.810699552247706379e+01 4.537822271155062026e+01 4.812578597759072352e+01
4.553249714259031578e+01 4.897173895506651320e+01 4.541128174682944518e+01
4.270566943438522856e+01 4.161151748598629752e+01 4.602348566280591058e+01
4.433330152050922379e+01 4.845654579285817931e+01 4.697314248713962570e+01
4.488642651190946253e+01 4.112006512063838670e+01 4.409985578330437761e+01
4.486870486781947420e+01 4.203877118561018733e+01 4.233744579411398945e+01
4.074744933054380169e+01 4.335709392040485000e+01 4.628895228914461768e+01
4.029099407261682586e+01 4.634195647676676799e+01 4.504764692754557132e+01
4.921347731392613412e+01 4.710621412014538123e+01 4.445958622778984193e+01
4.979090266223145989e+01 4.400658412661165642e+01 4.559093863452476114e+01
4.716375436393080633e+01 4.471950056171677090e+01 4.141156809194856692e+01
4.353323189035344853e+01 4.500313307262445761e+01 4.118615334738019840e+01
4.802363892954546998e+01 4.819973303425229005e+01 4.483440490402057321e+01
4.929181277130562933e+01 4.515718005928631129e+01 4.295139636551533613e+01
4.878203762578020530e+01 4.265709094972538651e+01 4.615913644386201042e+01
4.683996022947705740e+01 4.412037232061712189e+01 4.862101498352778606e+01
4.848947232043042277e+01 4.667399148155952560e+01 4.266631470836782114e+01
4.315069083893376956e+01 4.137296249810997040e+01 4.427733879327335842e+01
4.528464895983933047e+01 4.837014008918214358e+01 4.284287833997923656e+01
4.905742472526389975e+01 4.281398841034797442e+01 4.419580317546517279e+01
4.506206370912377679e+01 4.369015988035322096e+01 4.123414442333375973e+01
4.261136447846526210e+01 4.852481588352782182e+01 4.495780775598039725e+01
4.894464476024579369e+01 4.646830764609306641e+01 4.699938488842373374e+01
4.791800394105300143e+01 4.421523093510514002e+01 4.185570327775312194e+01
4.324501767585502421e+01 4.714046430841581525e+01 4.808925332643052286e+01
4.232578159936312545e+01 4.681118047781696134e+01 4.786656955514214928e+01
4.673390683285958858e+01 4.285301523872179530e+01 4.193902846571953091e+01
4.766051209600466620e+01 4.821552040953633878e+01 4.389163491806517925e+01
4.973918375936273151e+01 4.472772352177135247e+01 4.374828647624130440e+01
4.692968846705768726e+01 4.375015685223159778e+01 4.153896014063529663e+01
4.627772692637424257e+01 4.824253803106262239e+01 4.287628853509318105e+01
4.978504575281604616e+01 4.483738710106046454e+01 4.617432278828719916e+01
4.878092485351278640e+01 4.724508052400967983e+01 4.639037071865070061e+01
4.121683819612036359e+01 4.353392715922153400e+01 4.715618114696731311e+01
4.859262105413230870e+01 4.457361119383277526e+01 4.776133046476256538e+01
4.386353701873207456e+01 4.210699345513201308e+01 4.759875396265802294e+01
4.921021955317326046e+01 4.416003974241319696e+01 4.301715331041013712e+01
4.358894187835964829e+01 4.547508049605686153e+01 4.881627031217534807e+01
4.066493667691239011e+01 4.679933705212772566e+01 4.587197590896830945e+01
4.834023489768134141e+01 4.234903740890874246e+01 4.367163875501805137e+01
4.629175407630840766e+01 4.492296499995119063e+01 4.887303770964149408e+01
4.453590523114358746e+01 4.898537463246725565e+01 4.530596270689740379e+01
4.895228131479714762e+01 4.384975752592256981e+01 4.717249949542217280e+01
4.605569196560429646e+01 4.410815613235880051e+01 4.120369941894198007e+01
4.331902630097373219e+01 4.832354152268067082e+01 4.680416666296557082e+01
4.008170970549966228e+01 4.434214408926702333e+01 4.515282816895280860e+01
4.712116016267907526e+01 4.862310362135164610e+01 4.466639348353599814e+01
4.178284840992155580e+01 4.805116216014094732e+01 4.465692387949960107e+01
4.659280347767310104e+01 4.877377674950147934e+01 4.551599910071395527e+01
4.084922308369996813e+01 4.282555295006113738e+01 4.462897923760885988e+01
4.316441475113074944e+01 4.668650874903478609e+01 4.168717469917899621e+01
4.456811591172197495e+01 4.568225759189532198e+01 4.893651559026973530e+01
4.264898631774197213e+01 4.528118467176697948e+01 4.852536206817092079e+01
4.110114704751377701e+01 4.740936398718973521e+01 4.430217928427192930e+01
4.587426997139284879e+01 4.108363324475747902e+01 4.474645781931275224e+01
4.664955809723284119e+01 4.210472334533527317e+01 4.259835314516642768e+01
4.056976140595081404e+01 4.525255145872320384e+01 4.683607066405893704e+01
4.002622474427151644e+01 4.535122606776673848e+01 4.509437123090337707e+01
4.276522494074481529e+01 4.577732902349310962e+01 4.151541889925350404e+01
4.722911405692131837e+01 4.516575758657408102e+01 4.858854236090364509e+01
4.373414653509907168e+01 4.132412434393877732e+01 4.616809909246241261e+01
4.427963614633249279e+01 4.432493521074682974e+01 4.111145224538415732e+01
4.762326599998273480e+01 4.174501301042253942e+01 4.404302324258489421e+01
4.468384306391621408e+01 4.253079142377943356e+01 4.813326843071320127e+01
4.529928961783231500e+01 4.500310500872097919e+01 4.900151450529779140e+01
4.751083038308308915e+01 4.211440527473216378e+01 4.311649760352503336e+01
4.404776662511871166e+01 4.110458244818002527e+01 4.465528101136905548e+01
4.199008530447639487e+01 4.588892875069690547e+01 4.807572961542035728e+01
4.795881820121809369e+01 4.222267436182991673e+01 4.663048775663575896e+01
4.410514488500629682e+01 4.702198843563438402e+01 4.162480504609966658e+01
4.295017922940863286e+01 4.624493064982587498e+01 4.844016411158875712e+01
4.840765509253905918e+01 4.786521096112608120e+01 4.569574086135797586e+01
4.139287571061264259e+01 4.637757890893588808e+01 4.260407808764612980e+01
4.112757964989204140e+01 4.449234083928011785e+01 4.747698355487398203e+01
4.511033688385114715e+01 4.188435354726638593e+01 4.749762603123298277e+01
4.993974899775508902e+01 4.542143047376299592e+01 4.449487801532409037e+01
4.967522259934135320e+01 4.644655315521251282e+01 4.506699166962516756e+01
4.156053602205109598e+01 4.291798225399389821e+01 4.300784469674692900e+01
4.571604625911020037e+01 4.776960098909830776e+01 4.216459541678339917e+01
4.821419207811565855e+01 4.201180453651059565e+01 4.564317363866739186e+01
4.397049971863455653e+01 4.180493905249248598e+01 4.276963478137243158e+01
4.111207522771483980e+01 4.750499907422248214e+01 4.530158758021623555e+01
4.375246809188020336e+01 4.787978318359299124e+01 4.761247464452661404e+01
4.246060504210868203e+01 4.377013414425927351e+01 4.179881199729939567e+01
4.278525042498743858e+01 4.769267440384828660e+01 4.738879210521866980e+01
4.174441690838013130e+01 4.462725408577277619e+01 4.200228343951944510e+01
4.720306143481295180e+01 4.571758524450815742e+01 4.148418757826456726e+01
4.626042369037315893e+01 4.813387936908405607e+01 4.730256163479747045e+01
4.189427927935857099e+01 4.732418973584714195e+01 4.712078571589107412e+01
4.471590914865444688e+01 4.116354859468718530e+01 4.606530705613600674e+01
4.353613727712541959e+01 4.883297359091501733e+01 4.518945477639240949e+01
4.614361090079574979e+01 4.888784285148203423e+01 4.459664652513676231e+01
4.957539895639993688e+01 4.339841351434714056e+01 4.482511267798616927e+01
4.260887030555771560e+01 4.477956111035007325e+01 4.150645255615505391e+01
4.838622188321664908e+01 4.208868512853973698e+01 4.464275807010059793e+01
4.187721991920446385e+01 4.562091444649200866e+01 4.194865985466259417e+01
4.138870068355113574e+01 4.747235656763434974e+01 4.626444714319457319e+01
4.669135220248918472e+01 4.250945274269169261e+01 4.782092098180137896e+01
4.255848501931893679e+01 4.429021535814736410e+01 4.841977672411118760e+01
4.953800811488541456e+01 4.375295991373869242e+01 4.388076803800923642e+01
4.313081835264419794e+01 4.171369485645944053e+01 4.331949045917602348e+01
4.643515904230071101e+01 4.144382944988950612e+01 4.640360391879544011e+01
4.785110068871890121e+01 4.793435711321558301e+01 4.652414538287439427e+01
4.144162079540311083e+01 4.269080023783904210e+01 4.657814635438415962e+01
4.229590816740220305e+01 4.223858072296391697e+01 4.311357473317293909e+01
4.107347244805697528e+01 4.542865879561259135e+01 4.257435937008870042e+01
4.148099495230269440e+01 4.647138108721475191e+01 4.744119821223802091e+01
4.577012728336893588e+01 4.169787508241817875e+01 4.285690980412550743e+01
4.505421996980366828e+01 4.680830134300627776e+01 4.858330285438037777e+01
4.353087021422803105e+01 4.286211528312894359e+01 4.816634111517082317e+01
4.471752017529824741e+01 4.785387567973133116e+01 4.220064946333805267e+01
4.755540320972410484e+01 4.157281186497942826e+01 4.503211433101644445e+01
4.191043163927241721e+01 4.722328238217885144e+01 4.277619160151665767e+01
4.231984645785368571e+01 4.294305167269187962e+01 4.234612105922737157e+01
4.586504886389523961e+01 4.401909446796192071e+01 4.882131251768562663e+01
4.654244001140520481e+01 4.588491576926301718e+01 4.871427142148232292e+01
4.512153833489023214e+01 4.897933077057139428e+01 4.448836805070672540e+01
4.114653880665029817e+01 4.697653371262762789e+01 4.339272708467285611e+01
4.850790459463951265e+01 4.772245662930937726e+01 4.410098359590490702e+01
4.285307928168171543e+01 4.805060924865965433e+01 4.305618265804672262e+01
4.913762297458092121e+01 4.722437007613075366e+01 4.545285439828889196e+01
4.468676688899898863e+01 4.630792268881690177e+01 4.123199993014497977e+01
4.800352426623562963e+01 4.521174521121105272e+01 4.181218560286772856e+01
4.626391582083633125e+01 4.509076696700783771e+01 4.113749785717668317e+01
4.850649390828471041e+01 4.369429357358319521e+01 4.247436581901646946e+01
4.053218578782274051e+01 4.409749621296555233e+01 4.347787256077587870e+01
4.012880038921925063e+01 4.466433282358502055e+01 4.420481392806905774e+01
4.472722930797360164e+01 4.874990658398272103e+01 4.359582210375585021e+01
4.593438758020690216e+01 4.872651360156663713e+01 4.630048408533201609e+01
4.047437880969572177e+01 4.508988592424936570e+01 4.332194732282276561e+01
4.541844259243481474e+01 4.564205733676359955e+01 4.107163484768709338e+01
4.814967119953280417e+01 4.281937610560223106e+01 4.280324844674245810e+01
4.812621042490992807e+01 4.755516250445418791e+01 4.318668904282145604e+01
4.317811085003285143e+01 4.307390030563463768e+01 4.183135162495591430e+01
4.570005786180746554e+01 4.112131215340211554e+01 4.574134586556847637e+01
4.902437926015335279e+01 4.263907590090165911e+01 4.518310954454558726e+01
4.412530686083779585e+01 4.890128693711635322e+01 4.438091158380336765e+01
4.823296581479732481e+01 4.636148897117729462e+01 4.775170847199703417e+01
4.960474560963548640e+01 4.626207876249347350e+01 4.405141440187090041e+01
4.251900155958610128e+01 4.832780664558372052e+01 4.397965643270559610e+01
4.313462802023285292e+01 4.228491207851665479e+01 4.249720503822921103e+01
4.227927579406812697e+01 4.180681664895566030e+01 4.403422398923564174e+01
4.422693495096920913e+01 4.727038384085621203e+01 4.825188531307829010e+01
4.655628027234398303e+01 4.742364596237766250e+01 4.795107512047020748e+01
4.180985338105605820e+01 4.206131614870901103e+01 4.586659496919041601e+01
4.609818534951848790e+01 4.700052811747441694e+01 4.164779297371978828e+01
4.191587797272661930e+01 4.809252218709266913e+01 4.564736309392635860e+01
4.679501309874670767e+01 4.132412603486663727e+01 4.442783028098176601e+01
4.391493198223844274e+01 4.875829322928700549e+01 4.611245918492113560e+01
4.340400197549145389e+01 4.377941562877948911e+01 4.859023169116564134e+01
4.704047158753523661e+01 4.667562049701574267e+01 4.175343888431795847e+01
4.103650006820952001e+01 4.266082922933794919e+01 4.561664598433274875e+01
4.393181472990404757e+01 4.640526561794870020e+01 4.865870282763795274e+01
4.263742526700571034e+01 4.332805354130219655e+01 4.810061237637799536e+01
4.532871434657876364e+01 4.843197349838187904e+01 4.707077752282698668e+01
4.146779503322966320e+01 4.240382232983679955e+01 4.392793779013832989e+01
4.056390922378584207e+01 4.426209509953601184e+01 4.668112914363834420e+01
4.687915343625704168e+01 4.840435305367513763e+01 4.651343904720263822e+01
4.722199979970211814e+01 4.778283046723066718e+01 4.728788663300851169e+01
4.673272337146902089e+01 4.159175676301802582e+01 4.346541245048192081e+01
4.197922643391348174e+01 4.294286489702108156e+01 4.742511993188790598e+01
4.571487537083116592e+01 4.247129402579561486e+01 4.804357526922989052e+01
4.736749801718228525e+01 4.164711797739798271e+01 4.605561454610580086e+01
4.727625132550525677e+01 4.333904628763271205e+01 4.815456142197085398e+01
4.412342143007353457e+01 4.335833579347305999e+01 4.143656277349492711e+01
4.746068961769465488e+01 4.700399981438985719e+01 4.786999137460996678e+01
4.579026384042890641e+01 4.234999747318354935e+01 4.209133803683441499e+01
4.102144423371204596e+01 4.442594032320968722e+01 4.266611021721273289e+01
4.016193522638100433e+01 4.488781012808608040e+01 4.598732676822531573e+01
4.867818736858248485e+01 4.570664060281519880e+01 4.238225323233763220e+01
4.328098267445489000e+01 4.126999819170019634e+01 4.527797607006991143e+01
4.026804213066638738e+01 4.588327042163940916e+01 4.594119208537590282e+01
4.846889429604966892e+01 4.297735808634570276e+01 4.705331212645934613e+01
4.234009968347133679e+01 4.802286421456912535e+01 4.655619164851714231e+01
4.410098852470632380e+01 4.834859728465987416e+01 4.292102407084364302e+01
4.885924013795634835e+01 4.559516183272880596e+01 4.749163227113811558e+01
4.034915856686090763e+01 4.370259619672052054e+01 4.438187101728256323e+01
4.153064223108736996e+01 4.214170740325266706e+01 4.489747816635531308e+01
4.582864701769402416e+01 4.127048189613846318e+01 4.376261589530777485e+01
4.607592514845346443e+01 4.674731341801658857e+01 4.851062867456229810e+01
4.430569459924160469e+01 4.333494604425750651e+01 4.859508462697246500e+01
4.815832803667800022e+01 4.722804756710885954e+01 4.718663064941671337e+01
4.435865569716460755e+01 4.154308276321195592e+01 4.692699409048577763e+01
4.868522348833892011e+01 4.466854734150641093e+01 4.232078170485387147e+01
4.765515594182045334e+01 4.716667422087549255e+01 4.238532929231473645e+01
4.993121344468823963e+01 4.440202843162622059e+01 4.467922989604480222e+01
4.492263178064098383e+01 4.280148143570812636e+01 4.167687868643537286e+01
4.817378107914200314e+01 4.361361734199961404e+01 4.776896834525811641e+01
4.484498154111743418e+01 4.146839827973465731e+01 4.316186752651972824e+01
4.178697973490764639e+01 4.774250893617525549e+01 4.362273518240856163e+01
4.222339243311832035e+01 4.655916543649898642e+01 4.206668961950367702e+01
4.417635404849289671e+01 4.385928431030507113e+01 4.385567167854915738e+01
4.562599374834555732e+01 4.312970716467386723e+01 4.270174790948023968e+01
4.115696955849711713e+01 4.504943221031111023e+01 4.494771828070224728e+01
4.303152818623793507e+01 4.368841344793120385e+01 4.261651041663398587e+01
4.871056696627784532e+01 4.489747175220480102e+01 4.372326880936454074e+01
4.646007659834110370e+01 4.364722582616536073e+01 4.250992367679747019e+01
4.142538331107880367e+01 4.541280517308013032e+01 4.351324224514657857e+01
4.389592044731080023e+01 4.512994219566166976e+01 4.211109356034188522e+01
4.479964087699374886e+01 4.457913689045162187e+01 4.193870019579905772e+01
4.563435757019286854e+01 4.515043740349063484e+01 4.192404916171606999e+01
4.642943213715181372e+01 4.455674984343092149e+01 4.208726401668699424e+01
4.754718987292861243e+01 4.397453838313285246e+01 4.283338180529274553e+01
4.225009033100377565e+01 4.531065560017554361e+01 4.293017378899751435e+01
4.392855015237752525e+01 4.613281133389428135e+01 4.223585996020606359e+01
4.651327774237362433e+01 4.556470397979966691e+01 4.219758046671417162e+01
4.299337587226413149e+01 4.586781158557155891e+01 4.254596150177108171e+01
4.338912083927869645e+01 4.674779221659474615e+01 4.281234250165141475e+01
4.628327377698364131e+01 4.624237489251942179e+01 4.352185397613553164e+01
4.734362713219908159e+01 4.583788566214359861e+01 4.271533764399330124e+01
4.367912107592734827e+01 4.754459203458261385e+01 4.335259774102312491e+01
4.463684649805335880e+01 4.733022262185008344e+01 4.307535262132285681e+01
4.564176076042532060e+01 4.699621339637264583e+01 4.281778347989386191e+01
4.461770926888519995e+01 4.265512051220584055e+01 4.308479595061067613e+01
4.226200659602574206e+01 4.431024951044815907e+01 4.288299798345371272e+01
4.302578504821743621e+01 4.292086269216125771e+01 4.326732778802113444e+01
4.384387349233399789e+01 4.413474737769639944e+01 4.223522066876952863e+01
4.652112967941461363e+01 4.257433762320487602e+01 4.356659486295183825e+01
4.713332016548579162e+01 4.302080826836481720e+01 4.291184252146359768e+01
4.391947751499350261e+01 4.336856744014051657e+01 4.299398664987214858e+01
4.466993599361458678e+01 4.356403155992192922e+01 4.227336935227653925e+01
4.753247380796813104e+01 4.465648787905090700e+01 4.364228808505281876e+01
4.436906033877942690e+01 4.454068463503067221e+01 4.298853028358714568e+01
4.475407471356796663e+01 4.562795049379916890e+01 4.196712344524392790e+01
4.214547573579040574e+01 4.476258866195927766e+01 4.376908173950631920e+01
4.299359596781983583e+01 4.483802488438360712e+01 4.244582685052581894e+01
4.480905490352592579e+01 4.654945015654941898e+01 4.247144183385660199e+01
4.591069631287113850e+01 4.490440780162631285e+01 4.357526679150971205e+01
4.650372645734559285e+01 4.649036965240665609e+01 4.257670621434612457e+01
4.730653762639910553e+01 4.487315056144466752e+01 4.244932595100968342e+01
4.124225045140514823e+01 4.591386493573806860e+01 4.438855897201404588e+01
4.393394743178489392e+01 4.582118059253746623e+01 4.414716670965753309e+01
4.369085935846593571e+01 4.536778986079237797e+01 4.311128324763095776e+01
4.416629527178807990e+01 4.626566052042026911e+01 4.323172724701428393e+01
4.228006844486671412e+01 4.634029246582942818e+01 4.307573540208284157e+01
4.302966099110290088e+01 4.590605105590360324e+01 4.459169823941176958e+01
4.533977787240201707e+01 4.640744195479992129e+01 4.452586996972342348e+01
4.685523682646724808e+01 4.683285708707364847e+01 4.409614662945300978e+01
4.577466356920806589e+01 4.565077336154863730e+01 4.289162507958489101e+01
4.818645315693749609e+01 4.609355034359417402e+01 4.492161489821056364e+01
4.652255815934210403e+01 4.732092891138400148e+01 4.324297534433245005e+01
4.340358920548599997e+01 4.326730633367179024e+01 4.412744312901023847e+01
4.179946671188788798e+01 4.310367528416650629e+01 4.481432149566181522e+01
4.889794853169817657e+01 4.467481072217016447e+01 4.470241327436695400e+01
4.694073968715606782e+01 4.235600614893955651e+01 4.445515925529056034e+01
4.329826928636032335e+01 4.422547387484999604e+01 4.439705134869316083e+01
4.380983391822879724e+01 4.239228914027317074e+01 4.362542481503366787e+01
4.597102037730925161e+01 4.214539779830010957e+01 4.432029397765600720e+01
4.666953745727644787e+01 4.445282422590645410e+01 4.309612798435293968e+01
4.204995556076209340e+01 4.401711595518551690e+01 4.445174089630624081e+01
4.471613888435273054e+01 4.209885806078110448e+01 4.393052360050236160e+01
4.233466875210147862e+01 4.514483645462005512e+01 4.469218333213092365e+01
4.500737471657912181e+01 4.308195288122945499e+01 4.409618399389246690e+01
4.557679791412834192e+01 4.395934585433772668e+01 4.209349037654957471e+01
4.492709142919068910e+01 4.359976351753436319e+01 4.324255914576968962e+01
4.316269028520596152e+01 4.611790161024519819e+01 4.355635408562373101e+01
4.342028681111999333e+01 4.434884357558590295e+01 4.330315352527405537e+01
4.425140624561829839e+01 4.335593508527462348e+01 4.471817886643890461e+01
4.561973965979185408e+01 4.615988280518187281e+01 4.203428567019656725e+01
4.798674402101785574e+01 4.514428486671128837e+01 4.446224918488318423e+01
4.227326868340140464e+01 4.578155147361893285e+01 4.392129501379276491e+01
4.541448478566660185e+01 4.485632374319121141e+01 4.458825526572498887e+01
4.411672993996208447e+01 4.485761867620541921e+01 4.393239311454408380e+01
4.475398208694243607e+01 4.546559041954761682e+01 4.298700081729936784e+01
4.502103512671008190e+01 4.446844625663171513e+01 4.374999269764410315e+01
4.681957583929306566e+01 4.539890382495238441e+01 4.347613263809157758e+01
4.275286667783240802e+01 4.712740965517728853e+01 4.350697008476586092e+01
4.374330149854181826e+01 4.682672893317176488e+01 4.404850501689580256e+01
4.613955593931286359e+01 4.695422624654492694e+01 4.479010222111169526e+01
4.463149408709126931e+01 4.578532969235242689e+01 4.488721909006837052e+01
4.521331869092709610e+01 4.786825764410652795e+01 4.370584251489545125e+01
4.729566250915870995e+01 4.657805127009931567e+01 4.497511051684632832e+01
4.427392790305513159e+01 4.797189457456406103e+01 4.403491306358639434e+01
4.636671188157249901e+01 4.770795006099597657e+01 4.415915694827301508e+01
4.731695507833521930e+01 4.670967381127831430e+01 4.321477286530610229e+01
4.770134879413583207e+01 4.586430179430725929e+01 4.367286437725829273e+01
4.193814116031741435e+01 4.449316652766972169e+01 4.534251006851626187e+01
4.264623816569365289e+01 4.379388530490920317e+01 4.365783286681199371e+01
4.512219775560721047e+01 4.197581617196457415e+01 4.483869568692711738e+01
4.798847948667015118e+01 4.298572449606062662e+01 4.490353195500371442e+01
4.830276953495878445e+01 4.399349297936959857e+01 4.351995291177137659e+01
4.759149336932886598e+01 4.300297118955224818e+01 4.396593844369083826e+01
4.602469116402595972e+01 4.330800406217170462e+01 4.415125883555840147e+01
4.251915261491179621e+01 4.260236804835984969e+01 4.529625543983635794e+01
4.607045272666780278e+01 4.206934949381966504e+01 4.531349290612900660e+01
4.119208043483303072e+01 4.459889721208664071e+01 4.405265694374470087e+01
4.296487226201414700e+01 4.455229063750332585e+01 4.529033491115195886e+01
4.588086385902766295e+01 4.389092123829716030e+01 4.334809022816143909e+01
4.691316783551834391e+01 4.333793330889980666e+01 4.466778047450058864e+01
4.552640990097882678e+01 4.248597210799404422e+01 4.347373811958599532e+01
4.768187491420451352e+01 4.392998301476735179e+01 4.434958558149503460e+01
4.273558540256509986e+01 4.561744586959983394e+01 4.550328167371344534e+01
4.444629918931983781e+01 4.433795674153954280e+01 4.472167849191436773e+01
4.534839635110665768e+01 4.465984077677119757e+01 4.277585826481026743e+01
4.311691064815944685e+01 4.514647781996168163e+01 4.391725315605206958e+01
4.534326294840674620e+01 4.385715449971441871e+01 4.465298008762246695e+01
4.641856854863252835e+01 4.509976755694558648e+01 4.495652005779642479e+01
4.123237323791387610e+01 4.598598325648783458e+01 4.546096045711320954e+01
4.593186469509851833e+01 4.564460384305166230e+01 4.425124621006530390e+01
4.495430922802799500e+01 4.551303895596080906e+01 4.397992180294645692e+01
4.367316433977767076e+01 4.698419184736261656e+01 4.504720481037183077e+01
4.467300428748053776e+01 4.692471131823036501e+01 4.509658312193563745e+01
4.516734094431143376e+01 4.629721747479162275e+01 4.338460393891605804e+01
4.193178758684048546e+01 4.672811820401693694e+01 4.396197917357079632e+01
4.473067783448235701e+01 4.703831495299193932e+01 4.403605846384061806e+01
4.726948583619157773e+01 4.754299440020431433e+01 4.467970517178927281e+01
4.807403021152432387e+01 4.520830080071183943e+01 4.300553107363611360e+01
4.462020914410508254e+01 4.796849721196874583e+01 4.498951354272269754e+01
4.572119372704003126e+01 4.701291473261612452e+01 4.382727452400828128e+01
4.233350319092264868e+01 4.304226477512857230e+01 4.618231444798532692e+01
4.474837034211340381e+01 4.369200370141295764e+01 4.552096679682043145e+01
4.114352967345033818e+01 4.402809112182942641e+01 4.490165741060234694e+01
4.430285822929411665e+01 4.175580132882956974e+01 4.537332739595037623e+01
4.869981697159059308e+01 4.371841428474665037e+01 4.443825132307606651e+01
4.401655379939553114e+01 4.238008463961025996e+01 4.463621186082760772e+01
4.715744950389292001e+01 4.365700571023854337e+01 4.559121977161488104e+01
4.596426072957191167e+01 4.384115714428091337e+01 4.600394537270678086e+01
4.553079794341846309e+01 4.290045318861879764e+01 4.493178593286440758e+01
4.718284732249395574e+01 4.243225976834331448e+01 4.542294048005533824e+01
4.233234869637660580e+01 4.290373780154884287e+01 4.399009984098285031e+01
4.446172311382762388e+01 4.499506280668029490e+01 4.548307727042531923e+01
4.541616529047701079e+01 4.300597415540992330e+01 4.592183763229306948e+01
4.164955607280761996e+01 4.380701240918921258e+01 4.351169335761335333e+01
4.335575090558413081e+01 4.316159785870558352e+01 4.512175742046407123e+01
4.672841157412869251e+01 4.448234489409927761e+01 4.423033717501182593e+01
4.368535544011361083e+01 4.510264914061197317e+01 4.485692900309049236e+01
4.892703072462720826e+01 4.451934517649905132e+01 4.576010785753909715e+01
4.683135896100575479e+01 4.363705202434677943e+01 4.365406911058297368e+01
4.290620691742645221e+01 4.567936813563348153e+01 4.649897420733186948e+01
4.627026548522526639e+01 4.406372257147617688e+01 4.501651187395385278e+01
4.690148584182659874e+01 4.586857680680260074e+01 4.436415126733181324e+01
4.820931720030138479e+01 4.514412901981439319e+01 4.544141238820357387e+01
4.193660364629796788e+01 4.709275179640201259e+01 4.490830205114853158e+01
4.456893434792247177e+01 4.614893074665363315e+01 4.584240926852510256e+01
4.283218105033595435e+01 4.688153383679388497e+01 4.448300283785975751e+01
4.313433966901337868e+01 4.751118699025217040e+01 4.619465229788031024e+01
4.330326608784024245e+01 4.774013027930487851e+01 4.427324380306567519e+01
4.860125191173234072e+01 4.618515805614724457e+01 4.397368618768528847e+01
4.378311574240914439e+01 4.792104693289051909e+01 4.554348686746439512e+01
4.554956992810380711e+01 4.808088655572780823e+01 4.462550551650895159e+01
4.718255771776181007e+01 4.746391810572263381e+01 4.578527450740624261e+01
4.731018001219796076e+01 4.454648549537534308e+01 4.504740712737423536e+01
4.302897471639735727e+01 4.234850302475207684e+01 4.446843562828534147e+01
4.343434032060666539e+01 4.223638948850197039e+01 4.549598394834010406e+01
4.637680890443770210e+01 4.303370483326333584e+01 4.550372390764727015e+01
4.196078804810129270e+01 4.390106207173251107e+01 4.653690362287641591e+01
4.282676512995868023e+01 4.330555336613102213e+01 4.701432061098386583e+01
4.395861880790512544e+01 4.321720089259720510e+01 4.593126256687720144e+01
4.818212395403993042e+01 4.406200149079725747e+01 4.523559536545796078e+01
4.837830492945130345e+01 4.382088094643636822e+01 4.623236449877528997e+01
4.327033884675467590e+01 4.476769847582568218e+01 4.678637919379117704e+01
4.383578969706673689e+01 4.416810947342651161e+01 4.563152326373565870e+01
4.663334967836696165e+01 4.458311313594301595e+01 4.580251322101202760e+01
4.730177702175589616e+01 4.553833332534391332e+01 4.523345961091754219e+01
4.536234305257593746e+01 4.450036181275609692e+01 4.555208736399895741e+01
4.559753789361008103e+01 4.546424304512238024e+01 4.541252854439774467e+01
4.580554458950171437e+01 4.474610122863061434e+01 4.642388530155582060e+01
4.247662036461462520e+01 4.483177791920790867e+01 4.612470562864773171e+01
4.354590637560890087e+01 4.515298115801722645e+01 4.588177562193276771e+01
4.640395562439702104e+01 4.607720983747094579e+01 4.521750784696298098e+01
4.207623218704283374e+01 4.609943367105176293e+01 4.491008101626268001e+01
4.308828972826050574e+01 4.654215496345634762e+01 4.584293513910096607e+01
4.374101635661207865e+01 4.600201912125366732e+01 4.529377961497760907e+01
4.546926692756998989e+01 4.645236097251486029e+01 4.552346032354401473e+01
4.225471296153708778e+01 4.717114108450991239e+01 4.585750377704109582e+01
4.289198072997688627e+01 4.759211368702271017e+01 4.519353733333375800e+01
4.396666555342333282e+01 4.644244711648802593e+01 4.765376366475901193e+01
4.856124008525809188e+01 4.601753198995734806e+01 4.585313491935680474e+01
4.639472396328751103e+01 4.781807320842056441e+01 4.525275219542239569e+01
4.827738703709337642e+01 4.718338171383634716e+01 4.494173581322048960e+01
4.784795196240706616e+01 4.696782582627132996e+01 4.406419576699508411e+01
4.469180026147206064e+01 4.787390052308142430e+01 4.599021964928434869e+01
4.562245786559861216e+01 4.776776349281843892e+01 4.635563338891792995e+01
4.157139895438957211e+01 4.352589847099037712e+01 4.569304822461556626e+01
4.463795286861930833e+01 4.269808457880881036e+01 4.537159009811018961e+01
4.523635819814568038e+01 4.202114045615925875e+01 4.586593915285739342e+01
4.785374877834976814e+01 4.296634438424585767e+01 4.594887857031224598e+01
4.604877323824801039e+01 4.238376461609774992e+01 4.642183699736184366e+01
4.326205620976595156e+01 4.265701918146825733e+01 4.638689203723499332e+01
4.398105654133939169e+01 4.293759532257891465e+01 4.704845352836701977e+01
4.420874651269699029e+01 4.226708933102721488e+01 4.623473953040097228e+01
4.657998457062269893e+01 4.342785425183548398e+01 4.743557474556662612e+01
4.103931432599361528e+01 4.444002840613571692e+01 4.581002243555082032e+01
4.427135873214993467e+01 4.469464203616512066e+01 4.717051354215170278e+01
4.250327399854801058e+01 4.366407764598458385e+01 4.527376822643117293e+01
4.384312540230018129e+01 4.394518283548394777e+01 4.664363961455214280e+01
4.503650037239434312e+01 4.253634453091304835e+01 4.673427360292742350e+01
4.468758504018033051e+01 4.445161724857318575e+01 4.629232053750723708e+01
4.679404398781554875e+01 4.393380840953891209e+01 4.655444216599882168e+01
4.433428892928979081e+01 4.538865719812428523e+01 4.645091576972715330e+01
4.687479516024160375e+01 4.492256935632092052e+01 4.674999932300848826e+01
4.144553124968354041e+01 4.529040513125896439e+01 4.618972651974616639e+01
4.376021530840744589e+01 4.620035343185411847e+01 4.665577007337480353e+01
4.529915176836185253e+01 4.565074280774511806e+01 4.636309235729008549e+01
4.847610732916070475e+01 4.521607656276552234e+01 4.647010455686260144e+01
4.261405181043997459e+01 4.676163125054914360e+01 4.669990522536610200e+01
4.469062422331318629e+01 4.613617632445913586e+01 4.702024542898607962e+01
4.646126143369326655e+01 4.554054637160523100e+01 4.606887931247396750e+01
4.350576984979018391e+01 4.708746054228438993e+01 4.704279855595351734e+01
4.408334489929198696e+01 4.701495546976509843e+01 4.596339402288654696e+01
4.547121284739674252e+01 4.745264751316410923e+01 4.540864427573121276e+01
4.731802091969255031e+01 4.684570660645665185e+01 4.679164013076263018e+01
4.798900987637880888e+01 4.685878796495760668e+01 4.589021472569059057e+01
4.355711295753592083e+01 4.372980207966150346e+01 4.759933202935362573e+01
4.473771047147914004e+01 4.347058824602335392e+01 4.650806752526201393e+01
4.483689606001738071e+01 4.332615821040312909e+01 4.750419590059138386e+01
4.718250861524098383e+01 4.428182848438459729e+01 4.746689348683941745e+01
4.764842321591755336e+01 4.352153261539933737e+01 4.687605003730805464e+01
4.296258765455969808e+01 4.387413112657436187e+01 4.614525561839091239e+01
4.616524778445091215e+01 4.453959808111072505e+01 4.742363116057144623e+01
4.802744662080023375e+01 4.444864799393355526e+01 4.694466591873837302e+01
4.762499752465834035e+01 4.444186786210122619e+01 4.599827097316537561e+01
4.192835609138191444e+01 4.480753089372032605e+01 4.696629293736417310e+01
4.269673957416181764e+01 4.521996935792478212e+01 4.752561172076045892e+01
4.586981564241968812e+01 4.544070633074910148e+01 4.808704791851162952e+01
4.571624542056530771e+01 4.324773509067644994e+01 4.693252329768783682e+01
4.698006011914930014e+01 4.276040481075224875e+01 4.640645302769765834e+01
4.199739766375960670e+01 4.580448920948627034e+01 4.690099538180265171e+01
4.693582203387259000e+01 4.592452025954257522e+01 4.688655350176056658e+01
4.346888779906777955e+01 4.472420768690567883e+01 4.798548482411221272e+01
4.523545807919128237e+01 4.427153790050724780e+01 4.711259347467792225e+01
4.769250106610871853e+01 4.535201128586292185e+01 4.721402543366766480e+01
4.298332897715367551e+01 4.618317999093179793e+01 4.742828656660601894e+01
4.508216339943932383e+01 4.688044538563254093e+01 4.640078133900263424e+01
4.577342837064708903e+01 4.719091123423774548e+01 4.717086075817193347e+01
4.163068358354772869e+01 4.649866959500750596e+01 4.625788173351197230e+01
4.372257609647954268e+01 4.550790368683209408e+01 4.738216301815977261e+01
4.603619756339406877e+01 4.638566517844131454e+01 4.657301903221936357e+01
4.566648538482495923e+01 4.628162275492633171e+01 4.757949863242084376e+01
4.907811270317316854e+01 4.564188383460049181e+01 4.496605380047159883e+01
4.630314939931778895e+01 4.695299347782300714e+01 4.577878952578765137e+01
4.706874225815231938e+01 4.633697308616243049e+01 4.596580741650989665e+01
4.655194599153418977e+01 4.746352451716306575e+01 4.660411344353778418e+01
4.266463938635263986e+01 4.421743342091669859e+01 4.739371548112915633e+01
4.440934831828747065e+01 4.410925392550752377e+01 4.796988986540704758e+01
4.570689324991866442e+01 4.374109434893200898e+01 4.781765389180085890e+01
4.509719496752758516e+01 4.525315213113975688e+01 4.729354429937484383e+01
4.439020253155243978e+01 4.510647027329802228e+01 4.810612744857945700e+01
4.527060938512548205e+01 4.461679776400489317e+01 4.807591036624788217e+01
4.752181314999995720e+01 4.545875912016512643e+01 4.620682934952996135e+01
4.680978553696782285e+01 4.527424171818808674e+01 4.768458735394604275e+01
4.480823329459026638e+01 4.601444884294897975e+01 4.802287582530765064e+01
4.603525928555787061e+01 4.550895365474686116e+01 4.705496235552256223e+01
4.490062098106216126e+01 4.693316480412920555e+01 4.759204569778504634e+01
4.804021850543811212e+01 4.615304478055540471e+01 4.670906114011219046e+01
4.664467559419717446e+01 4.644890200513970058e+01 4.770300214110429238e+01
4.442267547032956543e+01 4.745646410351288580e+01 4.688588843045841514e+01
