4.637300646560034068e+01 4.360607804877304261e+01 4.406052922028389673e+01
4.555257144566949989e+01 4.490074814724415830e+01 4.305094192006706066e+01
4.552655925013922911e+01 4.588030971331907892e+01 4.325179906817535880e+01
4.556833964402601111e+01 4.313441136354514072e+01 4.443481709323582152e+01
4.386076363581533144e+01 4.481515410058872817e+01 4.324347778334006875e+01
4.567124179672528328e+01 4.660635745532616170e+01 4.392667675029635177e+01
4.325576809858081617e+01 4.641478293023635615e+01 4.501415596598069158e+01
4.383057877657938661e+01 4.655411925775997872e+01 4.418021609062334676e+01
4.373781884007631504e+01 4.646218268139419649e+01 4.590171689201868332e+01
4.656741265032870558e+01 4.599469390526300572e+01 4.622510672933182718e+01
4.458967778303379248e+01 4.637232832978205010e+01 4.641785486380113923e+01
4.375454333856966116e+01 4.333231572424024591e+01 4.542575876886922970e+01
4.638371467804022075e+01 4.537709743996282441e+01 4.336674727671621099e+01
4.418413545468305870e+01 4.484325072274786805e+01 4.688000981132022105e+01
4.618635078621802847e+01 4.355395456204409754e+01 4.602329469985265575e+01
4.654460600220119204e+01 4.658660436953152839e+01 4.489403798221886177e+01
4.515622973502125603e+01 4.457235699227652503e+01 4.695381914463438022e+01
4.551682461335465746e+01 4.309037776527340213e+01 4.544025918502208583e+01
4.585327041408326920e+01 4.530213938331934287e+01 4.686645914081243802e+01
4.464233631492066934e+01 4.628859799293967114e+01 4.350302625162090919e+01
4.303810219542215521e+01 4.498797406012414513e+01 4.378991371082175021e+01
4.672985290439052619e+01 4.503509935392226282e+01 4.646602289730931545e+01
4.752099449777195161e+01 4.492512290429397126e+01 4.491414482694301569e+01
4.550102432466148628e+01 4.376216996662122938e+01 4.348087725519027913e+01
4.415242330010492822e+01 4.687421805846463485e+01 4.508893994696977359e+01
4.725630832007297499e+01 4.588576182120806379e+01 4.481999646912105106e+01
4.328596223198002235e+01 4.490892896265745549e+01 4.643688390332528115e+01
4.607999770856486066e+01 4.430448755467524791e+01 4.667710675797280828e+01
4.499798764767727732e+01 4.688942936307141451e+01 4.566463792605546246e+01
4.466935479949401611e+01 4.538200390773380377e+01 4.306051809024201305e+01
4.659437259795748787e+01 4.616074258043195755e+01 4.396322372803265921e+01
4.396393704428314209e+01 4.387919092985258374e+01 4.358270427213869880e+01
4.728396424981779944e+01 4.544944032450095506e+01 4.573472724591343308e+01
4.259443014190445354e+01 4.469002548239083694e+01 4.465591293846473775e+01
4.715454042540893909e+01 4.531609684176962105e+01 4.400337575660087452e+01
4.295581332727756774e+01 4.389652151869468355e+01 4.519502660885490286e+01
4.488490566567105589e+01 4.555857773336509808e+01 4.692105415509978172e+01
4.471432386453588492e+01 4.332279709906930520e+01 4.394588254129952531e+01
4.305866662473970052e+01 4.591404947932900882e+01 4.417093832946267185e+01
4.599561118084395162e+01 4.668394495249891918e+01 4.575746388966230427e+01
4.557599207625679583e+01 4.620800197053708303e+01 4.653683023255062778e+01
4.383065264998751331e+01 4.334266388401567838e+01 4.442628384969562205e+01
4.717808771950289781e+01 4.398527504448735215e+01 4.501663060008216632e+01
4.707283269240400614e+01 4.432165600927231708e+01 4.407920248863398172e+01
4.463514997611720503e+01 4.323711882784439808e+01 4.589079042706936207e+01
4.264821726033868288e+01 4.562056775161420319e+01 4.503504517113857730e+01
4.632383036261155951e+01 4.436975329019682590e+01 4.341553656440736120e+01
4.641191713517481787e+01 4.333917320381408445e+01 4.506936421309208640e+01
4.477753430108018051e+01 4.686690925056997514e+01 4.430834723132007014e+01
4.381902738528712860e+01 4.574174856705144521e+01 4.659126813658747324e+01
4.429777521564579956e+01 4.389661329974815374e+01 4.656513824195613438e+01
4.303215276129354550e+01 4.574790879207171201e+01 4.595260990938143664e+01
4.473624924142130510e+01 4.432917383039158210e+01 4.313417489271051863e+01
4.528894721436807913e+01 4.369139584257897013e+01 4.649923107564733016e+01
4.560773659279774961e+01 4.694228067195307119e+01 4.486759658179222754e+01
4.339073482923764402e+01 4.396799888138610868e+01 4.610819339628262981e+01
4.313355697818485623e+01 4.404192663007114561e+01 4.411579544346039938e+01
4.267074711262085884e+01 4.482589970054661421e+01 4.565199939389040651e+01
4.464953117331259591e+01 4.302708616757520588e+01 4.490777239322335390e+01
4.696251340793490670e+01 4.419051003288457480e+01 4.597271123121338121e+01
4.376849113817515047e+01 4.579189457114696893e+01 4.346542263816351692e+01
4.578455342776673831e+01 4.488362382797315320e+01 4.408328392275006991e+01
4.478825815129690113e+01 4.488272823040491488e+01 4.396833165895291984e+01
4.526899978229831589e+01 4.573313972553490458e+01 4.420731126340109540e+01
4.645383131326081383e+01 4.473122685141723309e+01 4.484347823186636361e+01
4.523579342789416557e+01 4.408889672268277593e+01 4.439233625351687351e+01
4.575034486871869177e+01 4.408952567187576932e+01 4.529848019900713041e+01
4.484356706676595650e+01 4.609751401449456409e+01 4.506924220716152263e+01
4.458274855659386304e+01 4.498295826261645658e+01 4.498387618886934547e+01
4.555845876241726700e+01 4.520131873130668509e+01 4.500431790559836998e+01
4.439837194671536480e+01 4.400030003303930215e+01 4.493307236833305751e+01
4.427275475782861491e+01 4.566588489302640852e+01 4.432118941546394808e+01
4.368247909819713470e+01 4.456535706549036746e+01 4.535331120643366631e+01
4.383781426578470786e+01 4.475848724016531577e+01 4.434740689293118265e+01
4.427474378800580013e+01 4.514205426039975322e+01 4.592988019827695467e+01
4.486035415129119031e+01 4.434098382099691094e+01 4.578262798827987012e+01
4.518706479664404441e+01 4.556598468997778895e+01 4.585883782828150856e+01
4.373937913177033465e+01 4.555435456139669981e+01 4.518737925869260863e+01
4.639772882039072499e+01 4.567955924266916412e+01 4.529088920053617073e+01
4.593217229824128367e+01 4.488805558828700981e+01 4.587829504322884588e+01
