4.322922281951794332e+01 4.523486668274470901e+01 4.381751367111290563e+01
4.784771378304751721e+01 4.519120020464186638e+01 4.541092055710926445e+01
4.336062700678411375e+01 4.607734312664916132e+01 4.436195684238030879e+01
4.693920287497915922e+01 4.462257334758209026e+01 4.393600542412684717e+01
4.607826903706509114e+01 4.407809382548343535e+01 4.395740741634241999e+01
4.517094594564757415e+01 4.438765940624482198e+01 4.364233136766159760e+01
4.684959392197693973e+01 4.388885501615260409e+01 4.461660608940670159e+01
4.501696749190012525e+01 4.634122855331323620e+01 4.567230359373034787e+01
4.546836320631297923e+01 4.570603377780054899e+01 4.630898468110700605e+01
4.429985998820370696e+01 4.388246896812084685e+01 4.406447398540940696e+01
4.402763751404762615e+01 4.615909354778029439e+01 4.582729323387000875e+01
4.348121723010372364e+01 4.395164168612697608e+01 4.578324197888873925e+01
4.330176648471659462e+01 4.553956290315666422e+01 4.612718841202037368e+01
4.612542218291353890e+01 4.621242955140638031e+01 4.567553452781193357e+01
4.313848986145568176e+01 4.613233936855660744e+01 4.533631556959453235e+01
4.596920080384573026e+01 4.501482398657032746e+01 4.359404130598996119e+01
4.448041638695741540e+01 4.546165349785441379e+01 4.641386195751633181e+01
4.505333498067917475e+01 4.545253490626053150e+01 4.358243353164557732e+01
4.754362463086879131e+01 4.425045917591997124e+01 4.524825720777219829e+01
4.282589692163692519e+01 4.395862932850614868e+01 4.490091164744065111e+01
4.508552183955001880e+01 4.461432503358905421e+01 4.646052159822579597e+01
4.410157524802156104e+01 4.573424857174116198e+01 4.378198297477496226e+01
4.716091165018498543e+01 4.476624414615146463e+01 4.601657247182848209e+01
4.666556771808183868e+01 4.394005730248704822e+01 4.566567619764019526e+01
4.558261358397742669e+01 4.645609666784857694e+01 4.484958447932163494e+01
4.280247709798628364e+01 4.466342653481356706e+01 4.598577709844354899e+01
4.246430200895883900e+01 4.569194816536658266e+01 4.458837259112532081e+01
4.644021492368268156e+01 4.544644932913591617e+01 4.624170283222206024e+01
4.597352901822544879e+01 4.357935092749445971e+01 4.502642608485341214e+01
4.656354583022099547e+01 4.624170214358780129e+01 4.474254043365831990e+01
4.487141551177458609e+01 4.624162384042037388e+01 4.417795700133740411e+01
4.709818275439551627e+01 4.587368421325694356e+01 4.561056844850324410e+01
4.381693885550859591e+01 4.471132920470245153e+01 4.636311947445294379e+01
4.245398900041514878e+01 4.471374445607459336e+01 4.425459283832327628e+01
4.415712170678592940e+01 4.475392245973688432e+01 4.358889993215491643e+01
4.746132836835700886e+01 4.577453401381251297e+01 4.468289540476477839e+01
4.416554677303768983e+01 4.643181147524440178e+01 4.487293524407168377e+01
4.676364597414500679e+01 4.561947502644945729e+01 4.397723849417678821e+01
4.446259203007404892e+01 4.394233044265888566e+01 4.604679112353123571e+01
4.377621158078818553e+01 4.362814260621482276e+01 4.488031080102494741e+01
4.606887889426392491e+01 4.448290061703471565e+01 4.631170061056555198e+01
4.523888187896756818e+01 4.366224552104335999e+01 4.433460855406620738e+01
4.582817133846131696e+01 4.598177340783127676e+01 4.396264852078871854e+01
4.472585037351531412e+01 4.351031478192179236e+01 4.517970452229887712e+01
4.776127406906192618e+01 4.484436894802580298e+01 4.446479372179116751e+01
4.239537869971971418e+01 4.549531642648829433e+01 4.558120728059917326e+01
4.547299686352580039e+01 4.378888375934270982e+01 4.586782798463187305e+01
4.332815504745603619e+01 4.425013028249101410e+01 4.400555825975605728e+01
4.210540828819634385e+01 4.461612883416243847e+01 4.519990202012996861e+01
4.685962401356059104e+01 4.498459753567063046e+01 4.503119366695367631e+01
4.594275497590262347e+01 4.453968420022314234e+01 4.531746866272951735e+01
4.403784153435990589e+01 4.458221828810258813e+01 4.472943079431710345e+01
4.468584762263864008e+01 4.532202953208778240e+01 4.453127712252938153e+01
4.387378619941247848e+01 4.550030179544269515e+01 4.509070585428111144e+01
4.503456052316281699e+01 4.446005430122174573e+01 4.490215616472991655e+01
4.599649125972824493e+01 4.520805535290960364e+01 4.457551833043444134e+01
4.533554341098141549e+01 4.537798523637707859e+01 4.537296167571756200e+01
4.445304065328164711e+01 4.486733770980907110e+01 4.560716518843310752e+01
