4.147938411983415108e+01 4.476680194672089641e+01 4.639408303526392530e+01
4.251388488003128430e+01 4.553814128784469517e+01 4.270094896046207111e+01
4.742687186919041409e+01 4.263902244839077582e+01 4.528639830028959778e+01
4.315434251513937625e+01 4.631169800338668097e+01 4.267108964042758146e+01
4.696145803052433365e+01 4.245973983768195126e+01 4.439314877499562328e+01
4.439793844098562658e+01 4.648274132187195562e+01 4.756156272465757695e+01
4.499249457656496531e+01 4.214226559079656909e+01 4.409360531884469481e+01
4.413587065510999707e+01 4.639382182367245377e+01 4.241085092069231166e+01
4.838420614743694159e+01 4.384693968150769194e+01 4.609258388169708809e+01
4.521887349606186746e+01 4.314268107060334501e+01 4.264391309892478432e+01
4.851926193408765187e+01 4.368573225886707689e+01 4.444972382223726015e+01
4.749338404460529262e+01 4.478103189324166067e+01 4.732500656310097042e+01
4.375862271734065700e+01 4.222989052067359239e+01 4.564638079159428941e+01
4.532039265735303246e+01 4.487160778326942534e+01 4.200260147867447813e+01
4.600822211609339263e+01 4.220912108019415143e+01 4.420899150777518116e+01
4.225860579805318196e+01 4.297820201595055778e+01 4.580495797909652111e+01
4.573155188522148507e+01 4.221145467090956060e+01 4.593535827742859112e+01
4.721221513907334355e+01 4.749148764528538891e+01 4.524566687973349843e+01
4.843183821807527067e+01 4.443215181144343973e+01 4.355946887706119242e+01
4.299406385767292704e+01 4.700328822594909184e+01 4.664664593489509770e+01
4.290838626766317532e+01 4.557969751540392167e+01 4.748182909388879835e+01
4.350152189772278177e+01 4.313903985446349054e+01 4.705261089834048960e+01
4.654762434199961518e+01 4.715113548333133053e+01 4.673570403890840907e+01
4.616152320653580432e+01 4.787517231889341929e+01 4.492417024397465752e+01
4.768925573038418975e+01 4.419248874282186534e+01 4.292330606368315671e+01
4.309989479177797023e+01 4.351277126681097229e+01 4.281236164932745680e+01
4.557037385630187032e+01 4.252394828521894965e+01 4.335894846868123409e+01
4.797396255334520276e+01 4.353616159241239814e+01 4.362376572945426290e+01
4.362836686909973594e+01 4.554872081201936851e+01 4.222474044790455139e+01
4.772025796605242220e+01 4.381558545443712660e+01 4.683985078955321057e+01
4.473189046421785520e+01 4.214194027212019478e+01 4.586246009033864368e+01
4.343163604187790838e+01 4.476685594082582043e+01 4.773946931545287242e+01
4.652964825874270360e+01 4.727838061427212324e+01 4.340365328266818779e+01
4.579076306231511495e+01 4.399718093405898856e+01 4.222735593230289908e+01
4.415774811238685515e+01 4.787570686172053058e+01 4.438883118420976359e+01
4.110463704516590155e+01 4.562223585548396443e+01 4.469935287001119661e+01
4.540989658904324244e+01 4.480896184150924455e+01 4.796770827615745958e+01
4.737793239552764391e+01 4.711251672365770560e+01 4.616398391846208682e+01
4.864649529038167941e+01 4.608692905900552717e+01 4.558152482559565755e+01
4.441705469974516518e+01 4.203809890584314246e+01 4.491840405703341332e+01
4.457316394001992421e+01 4.255708893952828475e+01 4.328578683815845807e+01
4.782758584455711315e+01 4.295927470282649097e+01 4.442742899549035940e+01
4.116824586849919854e+01 4.434334996157764408e+01 4.554093967390152642e+01
4.122982713699509816e+01 4.492600087282843191e+01 4.399063022085231012e+01
4.478371341413614459e+01 4.397052772736871873e+01 4.217871974204105356e+01
4.596184108405694957e+01 4.563330091941755029e+01 4.783338284223466275e+01
4.675288631169452458e+01 4.585426411254242396e+01 4.243055931698204120e+01
4.157809813792012221e+01 4.347518964359524318e+01 4.525992642332231952e+01
4.848314899439687764e+01 4.644296329389212019e+01 4.466126644556078418e+01
4.370966806210515188e+01 4.762531453270641180e+01 4.608482848587267711e+01
4.804585935976150779e+01 4.520782938066376744e+01 4.305602822356398462e+01
4.865505902034813346e+01 4.537953218719758297e+01 4.383033337373737481e+01
4.395441715795176663e+01 4.390951233019045219e+01 4.767037893787622238e+01
4.557000814985123327e+01 4.729724161080419265e+01 4.310216516600763725e+01
4.889480723451661959e+01 4.461413836882903183e+01 4.442985294595908385e+01
4.341854345690795469e+01 4.643034139398567106e+01 4.734844344950245443e+01
4.639529152171744641e+01 4.220050832586088063e+01 4.518577608750683794e+01
4.776211801636780052e+01 4.711589514982071591e+01 4.448674387931026786e+01
4.231468688422715729e+01 4.703667838950092062e+01 4.408589218299864854e+01
4.657178131368929996e+01 4.484333593525214212e+01 4.774386679289899149e+01
4.585863075746715367e+01 4.775462064441900623e+01 4.397706181308834061e+01
4.304484044172289714e+01 4.474880801861918656e+01 4.238530958423561401e+01
4.768636839800104354e+01 4.310053843913085814e+01 4.613563548025323513e+01
4.513359209111442283e+01 4.798177433914391088e+01 4.462933680234598910e+01
4.679814222269013868e+01 4.406540584560698903e+01 4.248042732371722252e+01
4.826147414686998616e+01 4.464575974182988460e+01 4.668907827901842467e+01
4.240486181763721163e+01 4.623628527873073324e+01 4.691259595733691867e+01
4.410153146276621783e+01 4.252553791814594319e+01 4.653826177509017015e+01
4.347803631788745804e+01 4.777649634092881570e+01 4.512124354341926846e+01
4.526260214955308925e+01 4.654949997175600629e+01 4.242552493670297054e+01
4.316627572516514988e+01 4.755110853119863634e+01 4.419798484279394302e+01
4.486260488618771092e+01 4.770907669573379906e+01 4.369438008501178672e+01
4.165913338188862269e+01 4.410900491822243907e+01 4.360471563843078968e+01
4.744585234680652519e+01 4.690006674795996844e+01 4.356018869046027930e+01
4.756431700710875532e+01 4.609746149704574236e+01 4.296318388653796205e+01
4.494874020691212024e+01 4.393592364245340320e+01 4.779266930319731443e+01
4.310521468673648826e+01 4.268491460548054306e+01 4.625366204790723401e+01
4.887380475578546424e+01 4.438439685706013904e+01 4.540594321850163340e+01
4.329440726806973316e+01 4.230106673432051423e+01 4.476320215735682950e+01
4.299887455759154875e+01 4.394666495183058430e+01 4.736213521109119284e+01
4.113419526083876576e+01 4.536717040407084767e+01 4.567055720053171797e+01
4.170360591659843408e+01 4.380736242933193125e+01 4.619548946360836084e+01
4.508804072074678260e+01 4.254867365296109938e+01 4.671073067888175956e+01
4.279606030703460817e+01 4.739207240959414946e+01 4.574557019467769692e+01
4.359717306553523031e+01 4.277844585058979021e+01 4.327687441493272047e+01
4.820608600684899159e+01 4.626672165761536348e+01 4.371470881932701502e+01
4.396666603045775901e+01 4.715647692510563616e+01 4.693202682361768296e+01
4.122431047828695228e+01 4.410873355339681723e+01 4.456823274554875525e+01
4.180413893369436096e+01 4.334062981462200526e+01 4.429397012891497809e+01
4.696696011504610624e+01 4.315095370260868890e+01 4.682985941432308152e+01
4.387687139176870232e+01 4.566072704856419762e+01 4.779369813321059013e+01
4.422027328508805510e+01 4.323564098009114787e+01 4.263907429054721376e+01
4.235717413951100241e+01 4.421599806210819850e+01 4.288078541448865622e+01
4.724150508593259445e+01 4.498376357954374782e+01 4.250540181912747073e+01
4.250621664650307707e+01 4.338684990950115150e+01 4.668791459954648104e+01
4.805169322376678309e+01 4.689056453132629088e+01 4.544454143175723004e+01
4.639462822832255284e+01 4.643118574854406688e+01 4.741327081359601436e+01
4.540603406226071570e+01 4.792813112065563530e+01 4.559312540858240226e+01
4.793874859638735586e+01 4.559168589339161315e+01 4.693876667393296032e+01
4.644602207808783589e+01 4.766122354170838094e+01 4.586705875301306179e+01
4.460268005441994887e+01 4.713481407512917087e+01 4.289806343839471481e+01
4.821976082045343759e+01 4.325280631041124479e+01 4.530191758937385771e+01
4.875493872857030198e+01 4.518792849307820347e+01 4.600739842522288825e+01
4.469186679910582427e+01 4.770343096982345799e+01 4.628080924648706684e+01
4.210377469118421345e+01 4.675487249438236859e+01 4.609483802274857567e+01
4.441034819190875282e+01 4.476607929693228982e+01 4.794755440254344592e+01
4.715469798951503577e+01 4.334756717736399878e+01 4.308198495000378614e+01
4.655054835562119564e+01 4.267152325926943490e+01 4.350628154798977221e+01
4.892372308928536739e+01 4.555033547488272916e+01 4.478418380744577121e+01
4.630843428157714925e+01 4.488003629157098828e+01 4.215780244930215304e+01
4.495678493324452063e+01 4.715825707532320621e+01 4.707883696438928922e+01
4.566547593356130363e+01 4.755523288242606839e+01 4.648938040174515862e+01
4.548089273027118651e+01 4.320527744636221712e+01 4.736274490530260550e+01
4.480254794925799899e+01 4.572439104672079679e+01 4.208120911749780646e+01
4.443615102329430044e+01 4.795375152322361600e+01 4.534688636436870723e+01
4.389004977165706123e+01 4.747831560582773136e+01 4.350979072291197269e+01
4.207029023596412287e+01 4.529004658901304481e+01 4.701263213679323627e+01
4.706315828405023183e+01 4.567253535967894607e+01 4.747192079221955652e+01
4.207913895491053324e+01 4.705048957241666585e+01 4.512517195385738944e+01
4.285843919465999363e+01 4.269347972945170966e+01 4.395250309329171046e+01
4.622535188228592062e+01 4.667014661405389120e+01 4.266978024737373687e+01
4.806305629698866966e+01 4.638714994100803324e+01 4.633620251723244365e+01
4.398714851778123602e+01 4.226208380816484578e+01 4.404218736250760458e+01
4.691119519768719925e+01 4.396345678226454368e+01 4.741068788264572476e+01
4.431994015796247766e+01 4.484822668649815114e+01 4.203780102512952510e+01
4.727923612165852063e+01 4.649950382875661603e+01 4.695075701582596395e+01
4.580039609545789148e+01 4.574280057358777185e+01 4.214470505964203539e+01
4.228108130526547370e+01 4.634523092630020358e+01 4.324457361664772748e+01
4.181129805378573394e+01 4.500412079156227918e+01 4.317862299998374453e+01
4.607772289767185470e+01 4.270299231356641201e+01 4.673532984318347872e+01
4.688218458929316057e+01 4.756008713191691584e+01 4.429736898874355688e+01
4.233601821167685841e+01 4.338509779089152119e+01 4.344608610123609083e+01
4.487326684838302526e+01 4.565338592899263404e+01 4.791757285716688131e+01
4.158045839562301182e+01 4.647292641721195139e+01 4.447153688850097808e+01
4.144580274816991050e+01 4.630178691697751958e+01 4.545219770310379914e+01
4.239236917747885514e+01 4.273544185624407987e+01 4.483640468347311980e+01
4.596032222020849645e+01 4.400916160627468798e+01 4.772657268956604781e+01
4.678989191168253825e+01 4.254151025091721294e+01 4.605197031148733089e+01
4.448096584294286515e+01 4.312642132424477381e+01 4.729618643620981544e+01
4.542384679162714178e+01 4.202213331335788382e+01 4.499978526661920597e+01
4.300803407992573568e+01 4.703136292194075452e+01 4.335809216419423251e+01
4.376279268742194972e+01 4.405784881730478730e+01 4.229894196691209629e+01
4.214638409149476672e+01 4.429055044119827755e+01 4.696710730789612853e+01
4.620959108086313449e+01 4.323260543559534597e+01 4.274615323601496186e+01
4.164131697519944453e+01 4.590439796809948803e+01 4.634880947521271821e+01
4.541199308637419563e+01 4.643884281399095926e+01 4.760706402254150760e+01
4.155582107343720111e+01 4.582849655988275117e+01 4.370542623281872352e+01
4.431066054850087710e+01 4.326750764204997779e+01 4.394252495918144774e+01
4.606500215753811034e+01 4.358610881247320634e+01 4.370575142619644993e+01
4.775748639395926887e+01 4.431624838211886441e+01 4.429235655703224950e+01
4.226661610113742995e+01 4.452004768362655795e+01 4.434521956398369724e+01
4.303451394729063395e+01 4.456113331180938530e+01 4.365239555994254772e+01
4.244457906084025467e+01 4.547631716808242430e+01 4.400496298171409393e+01
4.697361301061923911e+01 4.432398663239624881e+01 4.362573512237014484e+01
4.410615975977026437e+01 4.399270664206026282e+01 4.328331419215258791e+01
4.636177634932646185e+01 4.524866101264418461e+01 4.312755891677012698e+01
4.505015506745242249e+01 4.295916298110854825e+01 4.509376408828260452e+01
4.528358947289528658e+01 4.310874779582431415e+01 4.412032134146659246e+01
4.810551336288263258e+01 4.501585529737479874e+01 4.500505469787415791e+01
4.192930210546606418e+01 4.493841165071000177e+01 4.520551079556741314e+01
4.291649173246588589e+01 4.380474754659279313e+01 4.467007875728479149e+01
4.485884571744187355e+01 4.466746092910946686e+01 4.290292600909012322e+01
4.735629590021649449e+01 4.367116253299961670e+01 4.498058109812907901e+01
4.436975788139920951e+01 4.479986490797819698e+01 4.381875852548282069e+01
4.665510352755121204e+01 4.615855623405001751e+01 4.343136180422048653e+01
4.333052770776588858e+01 4.359855393700371451e+01 4.378329661990970578e+01
4.507548923685570230e+01 4.377707908724863017e+01 4.340429923723735328e+01
4.455092354848768821e+01 4.382371433359247703e+01 4.474008180713834548e+01
4.386172954407467728e+01 4.623271258869939260e+01 4.508980636976893663e+01
4.226495498721821065e+01 4.590751342827899606e+01 4.493264188205633758e+01
4.307210854223707486e+01 4.627687703759690407e+01 4.412621588534299377e+01
4.582482937763319342e+01 4.439153223796694903e+01 4.314575936004231238e+01
4.373579948331567380e+01 4.434009515763931830e+01 4.444184439179393564e+01
4.356491279419108764e+01 4.577499759139357138e+01 4.660176638133721383e+01
4.332005275253755627e+01 4.552143986950476773e+01 4.351921724528228452e+01
4.526734090338313621e+01 4.521956008138045746e+01 4.365992723074984383e+01
4.734932681659083897e+01 4.616102738281288254e+01 4.424427235555268823e+01
4.387376698989724133e+01 4.490811931334277318e+01 4.295363077510343430e+01
4.523719736800349978e+01 4.699979258051833853e+01 4.429198542523926818e+01
4.403210639540577631e+01 4.297164482658181583e+01 4.485845029028171638e+01
4.699154813944112874e+01 4.343037816045487176e+01 4.408000670834394441e+01
4.437324494536971287e+01 4.580505030641728581e+01 4.424512001253806659e+01
4.596960005914365865e+01 4.482981035089419919e+01 4.500949683278815883e+01
4.521462013500142518e+01 4.437483663752195184e+01 4.419417118855577797e+01
4.470705010734521068e+01 4.409890521554527254e+01 4.570770054695740470e+01
4.695549810234507504e+01 4.485873220835927810e+01 4.454279066842609325e+01
4.610862240301312198e+01 4.480104792663022550e+01 4.401326608017607356e+01
4.309835786170500427e+01 4.463392207442303317e+01 4.520669878625006533e+01
4.590951287204954667e+01 4.589942784705297640e+01 4.511784039183265804e+01
4.543618865280766528e+01 4.586229769453803584e+01 4.601571998431943200e+01
4.565253433515681536e+01 4.600705667605281945e+01 4.317720143644673669e+01
4.456576877933242287e+01 4.562378432540890572e+01 4.305014392748121566e+01
4.551672675531241907e+01 4.603890557044629617e+01 4.419553823688690386e+01
4.689214491614178115e+01 4.655357785743748877e+01 4.504306545925751948e+01
4.348758743572818020e+01 4.546651507273220005e+01 4.564946848006286473e+01
4.381632443547640321e+01 4.642835606752922928e+01 4.341417571330102021e+01
4.481276955618006497e+01 4.643573543766986234e+01 4.358304001579502085e+01
4.317173839193038276e+01 4.311143616395648337e+01 4.534986883204541641e+01
4.377727610181146645e+01 4.391740729443332469e+01 4.537294147353654949e+01
4.672612985218219706e+01 4.350899748722349614e+01 4.575325482926530896e+01
4.550218556296241701e+01 4.389234686403944607e+01 4.506821904761471131e+01
4.510870836950576290e+01 4.351698727630978425e+01 4.644505087061293125e+01
4.643580090805784266e+01 4.400499400067857891e+01 4.468357609610155379e+01
4.392165392471188312e+01 4.462349499900666672e+01 4.608998236673563298e+01
4.628400437331551842e+01 4.670869855286100147e+01 4.419710065157053691e+01
4.486925493656836039e+01 4.605501138265621819e+01 4.521218933096481862e+01
4.705002719563336200e+01 4.453102853891968493e+01 4.548293970830146549e+01
4.251729750117541329e+01 4.573556919149515210e+01 4.589403748900004842e+01
4.724000330561265315e+01 4.530835261719994378e+01 4.368479481284112609e+01
4.441971930850451145e+01 4.549032975851704208e+01 4.605399481681967444e+01
4.304986817117351450e+01 4.687180072870309289e+01 4.493014394911375575e+01
4.517893371424113269e+01 4.687382949008059541e+01 4.587384975533081644e+01
4.391706001342765120e+01 4.687902320598909967e+01 4.431555260046229705e+01
4.458276487147221445e+01 4.700617971203902101e+01 4.505085768444234162e+01
4.577284585285047314e+01 4.320627213805371269e+01 4.575641261921055047e+01
4.605899956650866045e+01 4.305529112923682078e+01 4.475587012780573559e+01
4.596433441014423948e+01 4.418103992301095673e+01 4.591363193439335788e+01
4.690328573868097095e+01 4.422924463769282966e+01 4.642866085740760695e+01
4.422978660835374143e+01 4.505293145820053979e+01 4.511243797244414111e+01
4.511732957153462564e+01 4.524975858173825571e+01 4.467095410460916582e+01
4.489264980255199333e+01 4.438789160365224973e+01 4.689967183529984851e+01
4.683620031533540384e+01 4.554751184653094498e+01 4.525849314825644143e+01
4.522315768237950095e+01 4.488041665369333089e+01 4.608338782093971275e+01
4.585419648546265847e+01 4.691993918606408442e+01 4.507770853867815930e+01
4.587124376899560474e+01 4.466683631199021676e+01 4.695378134019896521e+01
4.774881239919427145e+01 4.594535811798724012e+01 4.514031505685552759e+01
4.321846467713692874e+01 4.645168871862741611e+01 4.583545808837697422e+01
4.337122912778735895e+01 4.534216343670211558e+01 4.453474133910076205e+01
4.646468934360885328e+01 4.569706611513376515e+01 4.430323082336075657e+01
4.617855608596671146e+01 4.519138279341434128e+01 4.592628971522497494e+01
4.418622247903610400e+01 4.672226578744761838e+01 4.599418911526669262e+01
4.572498782722580302e+01 4.656607852387009672e+01 4.666583151311215261e+01
4.413828654871399237e+01 4.375589669745242816e+01 4.658679594123300660e+01
4.246045237741598299e+01 4.393145121808997544e+01 4.555125088100027853e+01
4.434447982124118681e+01 4.316146531932102448e+01 4.579370435475330936e+01
4.775323430898490784e+01 4.517480213191282701e+01 4.592915668114514460e+01
4.244658003009123348e+01 4.476226760806370208e+01 4.611455393195989672e+01
4.609111695145494281e+01 4.563936230440837960e+01 4.682945178002736242e+01
4.612746401036616106e+01 4.370685128847142664e+01 4.678786798992551610e+01
4.319450761541200023e+01 4.485928478378917816e+01 4.677205044080843521e+01
4.477455502284671240e+01 4.625517243739972884e+01 4.665592148683192875e+01
4.715812663549340300e+01 4.605299559314203606e+01 4.606305967948298274e+01
4.635816006901913511e+01 4.663262753794870719e+01 4.589451651916299113e+01
4.321740179578057450e+01 4.390891664455497079e+01 4.620616363173984098e+01
4.417748785172196335e+01 4.508811753575858461e+01 4.702454417150486421e+01
4.513511722470267529e+01 4.537255634321503805e+01 4.696200929408467317e+01
4.696574386141501378e+01 4.521775991152209428e+01 4.658388295166642479e+01
