4.330330801717512657e+01 4.474289407894035264e+01 4.575941507091951621e+01
4.443985873368210093e+01 4.453746031757903268e+01 4.636810798889769103e+01
4.464663012614276738e+01 4.619199440057523276e+01 4.413218008842855511e+01
4.510231932537723054e+01 4.547407530739006631e+01 4.358274987089089336e+01
4.606460706089605139e+01 4.524690623194776862e+01 4.375965885654208876e+01
4.544792615178906203e+01 4.460778191328672904e+01 4.641130612017482804e+01
4.539596218668177130e+01 4.451711244770447706e+01 4.361514963496281894e+01
4.500093635329942288e+01 4.382778793415221230e+01 4.593996695126493535e+01
4.392803962554010866e+01 4.538381735779612569e+01 4.621185739664649361e+01
4.463184994019147211e+01 4.352554389119383416e+01 4.505344531928173524e+01
4.598423331185620100e+01 4.543537591383724106e+01 4.623285919308247571e+01
4.406076277451769840e+01 4.387327564049057571e+01 4.430426441237669621e+01
4.333893125107850608e+01 4.570761899701708586e+01 4.545411932105510289e+01
4.396164115770915259e+01 4.391973866782738867e+01 4.569744185994001384e+01
4.658037518624194462e+01 4.576659343591501283e+01 4.450289358688219465e+01
4.594515685264858007e+01 4.631901954511601360e+01 4.505664662575915713e+01
4.507691650433800845e+01 4.374920247155228026e+01 4.417706215350942500e+01
4.333542118355457262e+01 4.416675544812004262e+01 4.493772171375459834e+01
4.347635763647794249e+01 4.467121976965141528e+01 4.408574514025595192e+01
4.607186412997658920e+01 4.404101922564947813e+01 4.417839371595488274e+01
4.537576719823803728e+01 4.617073718373930546e+01 4.589648626966305756e+01
4.662008142397857569e+01 4.571954037393932424e+01 4.550243953848635670e+01
4.567266870123835076e+01 4.609890542922202172e+01 4.411790911496494516e+01
4.675620252323205506e+01 4.479094303501703678e+01 4.432176121769175836e+01
4.330377109776200939e+01 4.558445890260784239e+01 4.445940747390181969e+01
4.490276641290255100e+01 4.546360411657467893e+01 4.642817702243175404e+01
4.403482140668826617e+01 4.548278044499758010e+01 4.378030005626141019e+01
4.393313149961480235e+01 4.626072729307978193e+01 4.485078905700376595e+01
4.663083555863602925e+01 4.477292204108232454e+01 4.583792373231239026e+01
4.494776530761403421e+01 4.649876512818617158e+01 4.503525006762430394e+01
4.566571848420869628e+01 4.358628124324235387e+01 4.497530686193873350e+01
4.438680345120394577e+01 4.455362924373767441e+01 4.364628788116114322e+01
4.436250354540297280e+01 4.618647728392521401e+01 4.578776324954426968e+01
4.598876544328214067e+01 4.399355997990220146e+01 4.583066996615298194e+01
4.662530043682314584e+01 4.413147530500422988e+01 4.506854347028108521e+01
4.536173349160669943e+01 4.461569561857714916e+01 4.461225334871057413e+01
4.416552568445831639e+01 4.472244072072199117e+01 4.488031246984592570e+01
4.476301603625321945e+01 4.552572075531497831e+01 4.488457341995707139e+01
4.572157252221597901e+01 4.534350290815084605e+01 4.523036351301512070e+01
4.493524820649708573e+01 4.475670452988289583e+01 4.552056520075977630e+01
