4.741641206927214114e+01 4.604214320182258291e+01 4.924003007391241482e+01
4.212003979737333736e+01 4.887670536992671799e+01 4.624745135757613923e+01
4.694259009918891934e+01 4.910904276041560479e+01 4.290096432045569941e+01
4.108949989753247678e+01 4.751952434398407377e+01 4.317607089378138596e+01
4.538906852659155788e+01 4.085194947628657758e+01 4.775654311392664653e+01
4.129102067692724631e+01 4.458856887061187990e+01 4.166607497021082906e+01
4.666622797072560047e+01 4.552577743717900915e+01 4.967206097900843531e+01
4.760847731372415126e+01 4.577824115358644974e+01 4.078596134171394283e+01
4.646140306305582612e+01 4.961828562619533756e+01 4.621867118990223133e+01
4.925242492884176215e+01 4.739504253361248942e+01 4.609581980579098826e+01
4.324111586572830390e+01 4.914245665661029960e+01 4.282101109712874631e+01
4.148478757958119445e+01 4.162630969127222613e+01 4.609290462185128945e+01
4.596011743945375372e+01 4.587588239149719271e+01 4.015553974161846895e+01
4.809340195560066888e+01 4.355903411741253706e+01 4.864800670507894864e+01
4.997976611320790141e+01 4.489744946245593127e+01 4.551267706538046554e+01
4.308068189083401478e+01 4.045245676164239512e+01 4.578481814660978699e+01
4.683176880919261009e+01 4.267268673086852004e+01 4.094989218753256921e+01
4.143689527437965126e+01 4.848150143163758941e+01 4.468050169952282147e+01
4.862322946183483907e+01 4.687711008773646171e+01 4.788224966744710542e+01
4.828063689188405760e+01 4.864126750570177649e+01 4.398194854533981868e+01
4.041062286576233475e+01 4.695298330265146092e+01 4.481935470388248177e+01
4.086672878631276262e+01 4.779262508072845606e+01 4.513359676364034101e+01
4.858998747158905473e+01 4.177561167605641401e+01 4.632793873746935986e+01
4.317269510219095707e+01 4.628211984587609606e+01 4.051535775397084649e+01
4.743852152793687083e+01 4.909921755705202884e+01 4.648745288695308631e+01
4.044536811643578744e+01 4.671505718113979810e+01 4.608935220218786100e+01
4.560527823113642398e+01 4.691796805608920806e+01 4.956172748174306975e+01
4.472646371114684882e+01 4.967818786332550474e+01 4.671558099107232920e+01
4.550926908866969711e+01 4.039111491095219719e+01 4.686767402217034117e+01
4.801682138331059946e+01 4.794846007886783212e+01 4.229516788202809607e+01
4.352222385908248725e+01 4.153349947600460723e+01 4.169794454718210375e+01
4.184672004635349651e+01 4.272941196230611638e+01 4.184377475668863156e+01
4.261682040118330406e+01 4.847253715084305981e+01 4.230293983866651786e+01
4.834753103161551735e+01 4.248965090269108202e+01 4.223308612788362382e+01
4.374263604244269743e+01 4.748421123762204132e+01 4.913256478830032137e+01
4.724719481449001535e+01 4.356662941399794420e+01 4.074832843643106628e+01
4.216314411698544973e+01 4.903829973276473453e+01 4.423534158227774071e+01
4.121490428465050115e+01 4.662255581119231351e+01 4.780617553382023033e+01
4.449576373093277937e+01 4.110806933263199880e+01 4.188272100653630048e+01
4.053616480119914911e+01 4.287935871040384939e+01 4.570359393503826340e+01
4.593039230229210546e+01 4.386849618508810522e+01 4.020139932514901204e+01
4.371118926664036053e+01 4.978193515572685612e+01 4.434441770784523840e+01
4.728970804125185623e+01 4.067451118431128521e+01 4.392494462154448343e+01
4.719756231401515834e+01 4.945460373717255464e+01 4.555778886589262555e+01
4.556747379886510885e+01 4.857752524078906475e+01 4.154090199773901304e+01
4.696572483900077088e+01 4.190285714896843672e+01 4.839103375985634869e+01
4.243501415884551875e+01 4.070945640947437028e+01 4.503882628804205979e+01
4.669040460199907727e+01 4.037978410297807841e+01 4.591402348707504899e+01
4.942097643335685575e+01 4.508487857977016233e+01 4.733494999241140277e+01
4.207663699131987300e+01 4.903789909912624267e+01 4.523936660538485199e+01
4.697891392158831536e+01 4.040166779203781289e+01 4.487655926767045855e+01
4.300305067813242488e+01 4.798727020062504778e+01 4.151639984257906235e+01
4.784520724499054722e+01 4.088610994767745410e+01 4.473126434989232791e+01
4.956207400048015188e+01 4.350920827851925310e+01 4.641875804074515344e+01
4.032388994139692784e+01 4.431989593753134216e+01 4.337355906937364125e+01
4.222904223801415924e+01 4.096221523115795549e+01 4.598627244986401053e+01
4.846899429133348747e+01 4.773312547199303424e+01 4.733704011728412553e+01
4.353311015673624240e+01 4.144888394235987050e+01 4.818490997538989973e+01
4.475888876152315277e+01 4.016290452597225169e+01 4.624169724325371789e+01
4.907804164089692733e+01 4.312845226508810015e+01 4.721024585497796267e+01
4.236130783828704693e+01 4.356628382904492014e+01 4.897810500371514308e+01
4.874075159751976116e+01 4.169239090869903919e+01 4.458604367028073057e+01
4.162908474991894536e+01 4.131385188138293074e+01 4.512965191271131715e+01
4.782425265057101171e+01 4.197999152132247502e+01 4.780905162629007776e+01
4.445281521417039983e+01 4.107590971540754765e+01 4.803833887481160758e+01
4.503542368944587793e+01 4.628046693919508670e+01 4.015257011605412174e+01
4.054716137919972141e+01 4.693070586362248520e+01 4.382231439743370061e+01
4.253711091248945309e+01 4.295190584343998808e+01 4.114883300873570704e+01
4.194054169483034400e+01 4.715322018961356321e+01 4.829104484717728951e+01
4.095233233669554807e+01 4.779349798440326680e+01 4.413665136405319345e+01
4.023312662892882940e+01 4.575123795565821894e+01 4.625874012537332902e+01
4.831957799286978172e+01 4.615630949134639138e+01 4.142214854922058009e+01
4.048130196647623791e+01 4.517595928688545825e+01 4.287035830835620231e+01
4.693612601768288073e+01 4.959332605916049630e+01 4.459957448319923401e+01
4.997590004581287815e+01 4.462883070563464116e+01 4.454623012787916991e+01
4.558282307574268089e+01 4.029223047635521482e+01 4.338894742781226910e+01
4.098012109796275126e+01 4.463938946874371538e+01 4.792463703572443023e+01
4.178219309235468870e+01 4.369667799796978613e+01 4.139275117064794074e+01
4.049212463446731647e+01 4.526981942025334860e+01 4.711197379489073711e+01
4.665258555721672451e+01 4.064519684621770068e+01 4.314906407668686938e+01
4.650058123792302922e+01 4.821812472052715748e+01 4.146453111575178241e+01
4.985540802434032059e+01 4.390371185850545999e+01 4.554735515873397134e+01
4.702654692415295301e+01 4.787640703571987899e+01 4.853862661583109173e+01
4.805796158320890754e+01 4.652601000320154156e+01 4.863987484628309943e+01
4.665660447827164603e+01 4.921036858570478500e+01 4.711122283820649415e+01
4.918452538228780213e+01 4.448995946943098545e+01 4.228159629442571088e+01
4.070427840967873578e+01 4.329919209090887477e+01 4.688025310879436347e+01
4.060020078588726733e+01 4.266405763701747844e+01 4.462708167469806142e+01
4.950806289340026467e+01 4.709451901198575996e+01 4.439190215084784086e+01
4.218472056928790437e+01 4.128801643870333749e+01 4.317438926160403412e+01
4.263229184877049249e+01 4.209042787501077498e+01 4.168145072024245223e+01
4.989502938680104194e+01 4.589385371719030360e+01 4.554802412643394405e+01
4.837611903326113350e+01 4.133001696037123907e+01 4.545594199649534772e+01
4.597281900267513777e+01 4.487841076511371341e+01 4.007989456637581327e+01
4.304871252357997946e+01 4.078101486496217376e+01 4.314249276032010982e+01
4.334538885635345196e+01 4.330086322114128450e+01 4.058461125942777414e+01
4.494364417416819890e+01 4.721303518909608954e+01 4.050359383205750419e+01
4.723984211644064146e+01 4.700326987824806224e+01 4.898369331510055957e+01
4.760425302522662605e+01 4.080463040914611383e+01 4.581935133653934145e+01
4.872289298293624427e+01 4.821912622310886576e+01 4.588760186162237886e+01
4.018505809954673680e+01 4.612232181903738848e+01 4.430380264865664230e+01
4.718582152561981502e+01 4.848945231060780969e+01 4.214653537689572715e+01
4.872992139059044803e+01 4.729940283514292076e+01 4.256676725415877627e+01
4.023059285107740379e+01 4.352287290012974097e+01 4.498323297070233195e+01
4.508422205818732209e+01 4.228998635666313533e+01 4.918852977449694208e+01
4.187653185987112181e+01 4.119301277095108560e+01 4.413147595824760572e+01
4.977553843916621190e+01 4.448636945162648715e+01 4.640510144119700442e+01
4.894932284303673953e+01 4.637284584857304282e+01 4.223230793803070071e+01
4.015081720030681822e+01 4.612792013718033957e+01 4.533019871129910427e+01
4.566347320607142990e+01 4.987019886913373767e+01 4.408350177653721857e+01
4.629958069199228987e+01 4.078032176345149651e+01 4.734322878083347064e+01
4.195331362640826001e+01 4.194824539624706006e+01 4.245944688094104436e+01
4.278351841562439972e+01 4.136039775094866400e+01 4.237084027321409962e+01
4.680256742192727870e+01 4.862731096597382674e+01 4.791630763097501244e+01
4.442132995412197261e+01 4.815001340220814541e+01 4.881953564666584811e+01
4.398825530902304592e+01 4.686362854629580710e+01 4.046026220838334098e+01
4.207638136519614136e+01 4.215051876746555592e+01 4.786658903655424524e+01
4.959834605519019135e+01 4.647334375344166801e+01 4.630836161639520299e+01
4.985362544485823832e+01 4.616397022756879664e+01 4.458188838870776749e+01
4.175706558834050952e+01 4.779851193618561211e+01 4.754824164628472261e+01
4.856505600133625933e+01 4.226843583804587468e+01 4.720129321037851611e+01
4.524847313383126846e+01 4.004881679786099369e+01 4.429960126875413096e+01
4.519084979329932139e+01 4.918198149985820322e+01 4.225643162015501275e+01
4.764922538514277051e+01 4.266006664082821942e+01 4.853031428621019927e+01
4.466847425082670497e+01 4.724761291158997523e+01 4.943592772594463725e+01
4.602346670851605381e+01 4.206990712624764228e+01 4.105921557159076940e+01
4.172279369915258940e+01 4.308141841710562403e+01 4.823084759034649949e+01
4.586269652243566952e+01 4.072432250157804390e+01 4.253013268573629091e+01
4.652640825131722124e+01 4.651678498858468203e+01 4.949944883552207386e+01
4.661421560641943529e+01 4.353795114201430749e+01 4.948985455598695182e+01
4.412402283486011356e+01 4.586369731053529364e+01 4.014066727737672124e+01
4.505155434380922941e+01 4.529123787774808108e+01 3.999357126691074882e+01
4.921326887366792846e+01 4.721703257040074675e+01 4.343934997743839688e+01
4.536889556028536674e+01 4.786203553000149924e+01 4.906574509077287161e+01
4.062808072862459596e+01 4.625787110973771377e+01 4.703831160676511303e+01
4.015292036632587269e+01 4.523121222662327057e+01 4.381589425920849123e+01
4.162561786062035196e+01 4.554954017012431677e+01 4.134484876184085067e+01
4.005401944330758113e+01 4.443756362730829323e+01 4.535808283799632790e+01
4.142975441047987317e+01 4.841658042432194264e+01 4.568451248925801167e+01
4.157019008447362296e+01 4.508357999266078764e+01 4.861356198741965784e+01
4.322594170454250673e+01 4.309545969174212132e+01 4.925200466001575705e+01
4.332118230407510850e+01 4.029250717407278159e+01 4.480919370590993367e+01
4.964039310810650818e+01 4.684288506574957012e+01 4.535328533171109200e+01
4.603565691276067184e+01 4.132597509583355588e+01 4.174778514404283669e+01
4.524828384713320872e+01 4.148437134307586405e+01 4.853600281314808029e+01
4.364300888201439932e+01 4.979237113262953329e+01 4.534288856356504027e+01
4.804381311570440971e+01 4.340051987267993638e+01 4.134556437028074072e+01
4.589696031249256691e+01 4.945850072319213808e+01 4.291202489763693961e+01
4.099334583455019754e+01 4.564576101355236659e+01 4.789233061574938688e+01
4.737067086893559065e+01 4.771884913728325017e+01 4.151962891507936604e+01
4.976275248457938005e+01 4.401870087109294616e+01 4.378293067224940671e+01
4.001947436958953119e+01 4.527749655137664320e+01 4.481646946984298552e+01
4.202236079487336440e+01 4.470474563176765059e+01 4.098502460255242852e+01
4.416344544400723748e+01 4.481476464655284531e+01 4.005994819738323542e+01
4.284053301091017829e+01 4.942372270202620399e+01 4.581714308435370242e+01
4.396293755701421446e+01 4.932191400647925406e+01 4.726316345359361293e+01
4.255280070064077336e+01 4.388159520192284901e+01 4.077431267849104302e+01
4.755861748852339588e+01 4.115254585983954883e+01 4.305414325146546162e+01
4.494534945680138094e+01 4.321702958862330490e+01 4.965710133699145246e+01
4.976117945477459159e+01 4.549312586966022565e+01 4.645661857196594724e+01
4.307381175813135599e+01 4.405379935265908387e+01 4.949782946223100311e+01
4.400459798617045237e+01 4.012919667945436686e+01 4.553909848765250246e+01
4.571884646610435254e+01 4.013536415924546930e+01 4.591809378246514939e+01
4.818658146383936014e+01 4.709526320326749271e+01 4.174527896138386041e+01
4.910084444086092503e+01 4.702731034102725260e+01 4.701629290031893760e+01
4.617748065621383091e+01 4.132638370381567938e+01 4.817353259470959159e+01
4.830665625433499599e+01 4.181447985804837231e+01 4.298407243396609090e+01
4.588012349255679112e+01 4.286176412632667621e+01 4.942157761458779675e+01
4.309372516096937034e+01 4.604399704278002048e+01 4.948290525863826872e+01
4.302164557597392047e+01 4.504972748536459193e+01 4.957254250307106247e+01
4.894562416939606919e+01 4.540946389860423693e+01 4.193022431483269941e+01
4.363354079354758142e+01 4.033083594137066541e+01 4.382425989628016794e+01
4.891558571978836767e+01 4.214881721710864326e+01 4.370770296549252976e+01
4.744463516411877890e+01 4.404082884934345543e+01 4.924542363399747558e+01
4.415922359818581810e+01 4.267008165342490145e+01 4.932851880678022383e+01
4.782632044418154749e+01 4.863404650577868438e+01 4.302899986377161667e+01
4.493399968872495265e+01 4.925703160253642920e+01 4.759938451135879234e+01
4.512728711438545304e+01 4.999420816323294048e+01 4.493569859240129460e+01
4.512417848934585152e+01 4.238948508198356535e+01 4.071927184738285632e+01
4.257270295179122854e+01 4.811781608411516231e+01 4.803740815043809675e+01
4.879175459858115005e+01 4.340588465004915975e+01 4.212800207838411382e+01
4.450332974958877230e+01 4.872464717943839219e+01 4.169213091883165134e+01
4.855411666461576203e+01 4.425364716764231332e+01 4.153804059476566124e+01
4.105128707614976236e+01 4.725202387386037373e+01 4.704586925240231920e+01
4.634720841138781111e+01 4.744414250767421493e+01 4.913366643982938342e+01
4.817783082662424476e+01 4.129938174036466592e+01 4.384769525383626387e+01
4.603037520439596619e+01 4.202560267188071919e+01 4.887487045121831386e+01
4.818122404558775429e+01 4.846015148257780680e+01 4.669747187328098903e+01
4.241698582897856795e+01 4.656509677559014904e+01 4.896215605085401990e+01
4.590591030847899390e+01 4.683778734697576596e+01 4.042369892627868921e+01
4.820855530499747488e+01 4.554448519142756879e+01 4.878727779008178089e+01
4.090415341190360721e+01 4.651576848614058690e+01 4.256751577794391039e+01
4.945780917255675035e+01 4.305899620129505934e+01 4.377884062063851900e+01
4.431112305223021508e+01 4.177294832239131495e+01 4.874314609865608361e+01
4.346570063782675675e+01 4.821667110621011432e+01 4.848401270913134908e+01
4.142011604794898005e+01 4.190108353355030602e+01 4.338952494077209110e+01
4.937712791435278348e+01 4.408880323982775451e+01 4.724166396661450307e+01
4.392367535760624264e+01 4.560492389390593360e+01 4.982735675166871658e+01
4.611956106722631432e+01 4.829935402853068638e+01 4.856974812851583323e+01
4.459724802675111732e+01 4.022264253297646519e+01 4.355388085909625318e+01
4.363945901438995634e+01 4.083591376182204158e+01 4.739713601384366370e+01
4.595445114789708896e+01 4.292506955391645818e+01 4.053298331153212075e+01
4.179472583103107297e+01 4.811267999492024217e+01 4.275849419342331714e+01
4.456987125754768897e+01 4.052814401836495506e+01 4.718623366720225931e+01
4.684913775541238579e+01 4.118133971391254988e+01 4.232716439709075473e+01
4.570129292214384975e+01 4.955866018882837665e+01 4.690848925805614300e+01
4.041597002503827696e+01 4.606819596029442465e+01 4.332426116315008358e+01
4.881014093452452585e+01 4.392346721296738110e+01 4.805044177150425355e+01
4.096773898218384602e+01 4.559395726125700321e+01 4.210143944939416372e+01
4.054146510500449097e+01 4.426077319714163139e+01 4.710679175360493787e+01
4.687402111684507133e+01 4.184640042208319244e+01 4.157855629772879524e+01
4.288002376732468690e+01 4.082590396051894288e+01 4.673971946187421622e+01
4.252770289262902281e+01 4.263973478399907435e+01 4.863065643399725246e+01
4.487364392484322195e+01 4.806118982979686649e+01 4.103680724889119347e+01
4.152962105868296305e+01 4.817697769536884778e+01 4.665093148984176707e+01
4.579859214283084157e+01 4.495013680106468712e+01 4.992165651742951127e+01
4.285269562068349103e+01 4.950343678155319083e+01 4.480196231862217360e+01
4.165327656713353122e+01 4.608499673148119058e+01 4.852794523226282308e+01
4.672068169067136978e+01 4.729086703620658483e+01 4.088562502586432856e+01
4.019292919746271764e+01 4.475077568151858998e+01 4.630688740617828358e+01
4.502363301774674653e+01 4.428837164073267729e+01 4.003498538259796646e+01
4.581932722707429662e+01 4.774643061797037547e+01 4.088865611310842496e+01
4.678504375399670323e+01 4.266299982184519024e+01 4.903463748094916497e+01
4.635583423843861794e+01 4.027560543430422513e+01 4.403363130294142991e+01
4.227588352476192313e+01 4.557697959964545475e+01 4.913122416076180343e+01
4.747680212763931706e+01 4.503663028303186167e+01 4.933285413258113294e+01
4.116348101441515439e+01 4.186122478901266675e+01 4.436145957204686852e+01
4.229673872424744729e+01 4.857153107162936578e+01 4.718915131181008604e+01
4.788289157070475710e+01 4.140070898820994216e+01 4.693758739758703058e+01
4.710818822410305984e+01 4.080288499952332870e+01 4.671991102142542474e+01
4.828391016386648005e+01 4.516989110414534281e+01 4.121070304674128693e+01
4.281908833752581245e+01 4.745663459311631982e+01 4.874632543737767065e+01
4.454787325106582330e+01 4.991495909023400657e+01 4.575280368216481008e+01
4.029099387413720024e+01 4.376988923152445921e+01 4.609831780475342811e+01
4.159776931549149026e+01 4.841605583547465130e+01 4.369322801575385995e+01
4.236406550133854410e+01 4.884543142571346408e+01 4.319952775348866680e+01
4.574981908726873314e+01 4.392655167107376712e+01 4.981242243487859866e+01
4.314764506568729985e+01 4.720396637244303406e+01 4.090290055928237223e+01
4.479865105770647915e+01 4.619915109270033327e+01 4.983315728836343084e+01
4.517891974500160757e+01 4.866963432703737169e+01 4.837204185201231610e+01
4.322114537421502689e+01 4.880089341808682235e+01 4.769137643986636732e+01
4.392800167149077595e+01 4.960760953113861405e+01 4.338345964785477804e+01
4.008771510204037725e+01 4.438142159707015111e+01 4.434718593212802773e+01
4.552394874044526318e+01 4.987131074183765378e+01 4.596672352207664147e+01
4.763336680798637701e+01 4.250656633224014058e+01 4.153290540442391432e+01
4.944790207464996001e+01 4.571335986039051136e+01 4.279864194079488016e+01
4.271219317851866037e+01 4.139367889431034087e+01 4.758280308503266554e+01
4.745326480530526680e+01 4.918751903792108493e+01 4.377880701205330638e+01
4.781965616664756169e+01 4.912327559008521405e+01 4.473381416138455791e+01
4.225011520863488101e+01 4.455904966246713172e+01 4.913187016723210121e+01
4.886627789966478019e+01 4.491671906495807320e+01 4.816472586346230145e+01
4.904508671609472970e+01 4.208680784940086994e+01 4.547966249185802212e+01
4.387785297488461822e+01 4.459524652529516686e+01 4.983859241869226508e+01
4.516957734405649205e+01 4.159394008719829117e+01 4.132390561433292930e+01
4.417545300656932739e+01 4.376537265874695493e+01 4.021059964989011348e+01
4.244374717135650599e+01 4.558036949695800644e+01 4.073267227260645029e+01
4.591030502893393361e+01 4.905332906511114999e+01 4.776386669735037316e+01
4.353497251323507555e+01 4.870366900294093426e+01 4.197130654828389140e+01
4.678993334726575881e+01 4.436742965817560957e+01 4.035515388500404299e+01
4.089996177022401014e+01 4.760896900993650149e+01 4.612039110818086129e+01
4.158221049299022809e+01 4.406963939391700080e+01 4.850620284556897843e+01
4.391439864278873983e+01 4.660579451003484053e+01 4.959015354711642942e+01
4.769317992154391561e+01 4.447425694977356159e+01 4.079878520815253751e+01
4.424506931910632090e+01 4.191916286979781603e+01 4.111802467601033584e+01
4.067498967025973400e+01 4.343858388957826833e+01 4.303687038391943531e+01
4.131985178614378640e+01 4.263671847277797156e+01 4.739854483805193297e+01
4.220984335039710800e+01 4.738261883407971453e+01 4.159794842443233165e+01
4.679360251428180106e+01 4.635729418082726028e+01 4.051692547004556388e+01
4.398205543389620686e+01 4.360253523000517362e+01 4.967556649969301219e+01
4.148160693902363505e+01 4.728978575272171980e+01 4.228326316126377549e+01
4.667879768515875583e+01 4.452363894957071011e+01 4.967376747391422498e+01
4.080274407417489613e+01 4.265063780094531865e+01 4.363933889001100397e+01
4.882069788380171360e+01 4.591639822733696974e+01 4.808647401293020351e+01
4.844514473902844998e+01 4.291775141980799901e+01 4.796329839501368753e+01
4.489249827478282384e+01 4.963040875262314700e+01 4.311184513954670194e+01
4.954687709567285481e+01 4.295502230265539367e+01 4.547450409307212027e+01
4.422073295887189204e+01 4.281259167149873690e+01 4.055605728041427938e+01
4.099008723931791565e+01 4.242070702004315308e+01 4.647440725587718191e+01
4.466336677756439144e+01 4.989603434229773882e+01 4.405245302466593671e+01
4.898401042372586289e+01 4.791980873556678944e+01 4.418003338021959792e+01
4.375107153476382393e+01 4.964500904664584624e+01 4.632769627385268052e+01
4.097999997037047137e+01 4.205606288019458816e+01 4.534126381837693742e+01
4.034917264778424340e+01 4.348031719925583616e+01 4.398868621212167795e+01
4.790658352885158422e+01 4.752358139995475739e+01 4.818041324189722019e+01
4.478466130375943521e+01 4.417767811166957870e+01 4.991216723093120322e+01
4.118564936984958536e+01 4.345038623717566395e+01 4.215696710593239516e+01
4.271371420189144885e+01 4.064704519056184040e+01 4.407863198201405908e+01
4.496271122198518810e+01 4.000435640830338002e+01 4.527238042159238063e+01
4.610610680739938516e+01 4.987255578674761836e+01 4.510087714262483161e+01
4.932667845614912494e+01 4.250398175987518812e+01 4.460305432812131698e+01
4.505971155474864531e+01 4.329937856268990970e+01 4.028153412328853733e+01
4.681024863195165153e+01 4.537177109110060513e+01 4.033566262595584817e+01
4.964479665363279537e+01 4.478572429459284621e+01 4.312389128563631857e+01
4.962726361267192488e+01 4.631988642125938327e+01 4.360053323315875673e+01
4.388253134904300623e+01 4.075387412603218706e+01 4.258938516200086610e+01
4.755247884260897706e+01 4.674929887132536521e+01 4.105341720753969526e+01
4.935423483841074699e+01 4.607738937031941617e+01 4.720875391633831697e+01
4.976153086591398278e+01 4.348118365879081182e+01 4.464350711130295224e+01
4.764965157821907837e+01 4.177233838598914417e+01 4.222162740411037873e+01
4.576798370303393426e+01 4.595154390400590216e+01 4.983338251490032178e+01
4.298093124022894074e+01 4.940201010306812179e+01 4.377058178494530694e+01
4.074551816964573447e+01 4.429910592722715990e+01 4.246675596282011611e+01
4.628017421259286834e+01 4.892003303459824082e+01 4.215902344051923478e+01
4.857841383429503423e+01 4.849643469729655720e+01 4.492893038624102076e+01
4.381025704341115556e+01 4.038224878776630078e+01 4.649407432011299335e+01
4.859089030357905870e+01 4.802531368847937898e+01 4.325539937031665261e+01
4.124684570780597426e+01 4.261567514556503511e+01 4.270799786491349437e+01
4.389447025633111821e+01 4.785583774127494650e+01 4.103762917339190608e+01
4.919285010445589990e+01 4.772799724920840703e+01 4.515287958368336518e+01
4.899928490754378174e+01 4.279204243997303081e+01 4.293077182754947785e+01
4.481875236573580423e+01 4.518146201010686269e+01 4.997759499438759434e+01
4.769383766101306321e+01 4.833370155724151118e+01 4.756318595155619278e+01
4.601022564143165994e+01 4.009724956603760404e+01 4.496035879010543113e+01
4.341267546567388536e+01 4.221302342171740918e+01 4.881982615581511453e+01
4.334002212158041800e+01 4.430805562899546146e+01 4.032177704641533467e+01
4.418033416088528043e+01 4.881498436673697938e+01 4.810364186140922982e+01
4.653211428619934509e+01 4.957699539510079489e+01 4.368373859945072013e+01
4.917538046656370909e+01 4.258882329301432890e+01 4.634295208867963112e+01
4.191490938153810930e+01 4.163005252818977908e+01 4.700945219692765420e+01
4.156958522164315184e+01 4.649379685261590822e+01 4.167880193524344179e+01
4.712169821068586373e+01 4.129239622417004796e+01 4.759609047626702960e+01
4.235320474507933852e+01 4.653317297743534908e+01 4.103687096894680053e+01
4.105929263126431294e+01 4.365844151455061706e+01 4.774391149882362129e+01
4.420047134288206792e+01 4.925125627741941514e+01 4.248699278388971834e+01
4.330501671729098234e+01 4.531009445557745607e+01 4.029437602883112390e+01
4.802947478851559993e+01 4.891628511338115715e+01 4.569540117530188184e+01
4.987375837008821122e+01 4.538495217423872674e+01 4.389845487181037242e+01
4.487357606578815705e+01 4.057800295111033506e+01 4.264706862230457318e+01
4.937334314597717366e+01 4.372169232449765275e+01 4.290465547595066198e+01
4.426732212510501085e+01 4.007000924021708954e+01 4.455292655703459559e+01
4.819712460709074264e+01 4.454063075270653371e+01 4.880914581493943416e+01
4.336835401476520246e+01 4.240397902371245209e+01 4.103605665861427099e+01
4.298312308336970489e+01 4.919281962133869968e+01 4.679643897663493846e+01
4.524699007470189116e+01 4.345143308433596019e+01 4.125652615886795616e+01
4.545875612615668615e+01 4.437656819511289541e+01 4.093387000360208106e+01
4.684332916023766558e+01 4.263501036540951361e+01 4.220073695156099092e+01
4.663336818343304202e+01 4.364807628789915839e+01 4.206573016777556262e+01
4.450684634814120244e+01 4.410931255086126157e+01 4.111083146089102769e+01
4.573657100427895728e+01 4.533705058622622630e+01 4.097047308310374802e+01
4.383668985304599630e+01 4.484635231545788514e+01 4.100896995834212788e+01
4.473102896536670414e+01 4.529411382184068913e+01 4.096221781718367794e+01
4.723203043185705496e+01 4.390731195295155942e+01 4.287239705324231664e+01
4.238592308034027667e+01 4.587370129112525063e+01 4.191619840024711863e+01
4.550169634903998883e+01 4.597421324150916178e+01 4.172267397676066736e+01
4.230015331677510204e+01 4.673198503477098598e+01 4.242967223869793258e+01
4.474993220086967227e+01 4.628516035273016627e+01 4.111190483519794014e+01
4.536776451299652280e+01 4.705005340046875517e+01 4.144738936153676434e+01
4.623229604689984740e+01 4.655250082321492755e+01 4.135134047203205654e+01
4.504882467583497885e+01 4.255480199062154867e+01 4.170841094319739284e+01
4.627445514041006192e+01 4.275305126768279251e+01 4.301482734465223245e+01
4.327165576175919171e+01 4.303744734229304214e+01 4.182403494177099645e+01
4.403133130481333524e+01 4.239103127785818970e+01 4.202093984248654834e+01
4.607156238247247160e+01 4.294881444038753671e+01 4.154746973667617738e+01
4.476979412206838305e+01 4.389621928935359563e+01 4.206191622362099025e+01
4.429117564764129611e+01 4.320125091586486121e+01 4.147891428223891808e+01
4.262358666122989348e+01 4.387261166481011543e+01 4.190505113313688668e+01
4.348251036054968210e+01 4.394351350181106142e+01 4.138208487454695472e+01
4.601966875933509726e+01 4.512168695685500808e+01 4.199286005692361812e+01
4.796698838301178824e+01 4.536479247356172095e+01 4.214962717191689023e+01
4.224510639251572996e+01 4.483226346587148470e+01 4.196112594802718831e+01
4.434138903571214740e+01 4.565421312788187436e+01 4.197182802198261697e+01
4.737455191160758972e+01 4.607881630528608241e+01 4.177455783451824090e+01
4.717881143409553601e+01 4.574568336520653133e+01 4.269963177171958080e+01
4.307405323280640630e+01 4.524755686456657600e+01 4.152763490488875675e+01
4.384789986582537580e+01 4.584646893171766635e+01 4.111475909547907293e+01
4.476229080816835193e+01 4.655844536468322303e+01 4.207446462166622325e+01
4.800883117572204384e+01 4.632801560401463803e+01 4.257245553771100788e+01
4.565846326641721475e+01 4.683370902807523350e+01 4.243363081709794926e+01
4.848711797160892445e+01 4.651823438950646050e+01 4.343628437762728112e+01
4.548935387548365128e+01 4.781201939274610879e+01 4.218364037278754353e+01
4.487586096057827234e+01 4.184894367700676554e+01 4.243777242479524858e+01
4.557793350082776129e+01 4.336854516713731300e+01 4.252740804447403633e+01
4.813678867290020236e+01 4.412842473149502354e+01 4.247215821061355712e+01
4.167674190168237658e+01 4.344472466217728623e+01 4.310586043851031235e+01
4.354795833376771697e+01 4.285278018019280921e+01 4.276764943805149244e+01
4.470889592489172770e+01 4.518606096706617592e+01 4.279190832290427693e+01
4.378240160759175126e+01 4.374009804840325444e+01 4.233120190707129638e+01
4.505228864119587939e+01 4.490688618703715917e+01 4.185321696142509040e+01
4.366537259485907896e+01 4.544747563876421736e+01 4.270130594017273040e+01
4.654685971992063998e+01 4.454270697154850467e+01 4.131407040276280185e+01
4.545876206441580791e+01 4.588593872836040788e+01 4.271891428709000849e+01
4.529905961964386307e+01 4.248091989390488976e+01 4.308878199274619192e+01
4.310046488045249902e+01 4.377971740894802366e+01 4.309753066292823576e+01
4.665508603224765238e+01 4.554324358842403342e+01 4.131054900882961078e+01
4.452684293756187373e+01 4.619312042579893074e+01 4.300071273276765993e+01
4.700887833985260755e+01 4.496254316040462129e+01 4.209536203009469091e+01
4.314857541255918960e+01 4.462087673778821539e+01 4.238702632178969765e+01
4.408252560830403155e+01 4.468045802589402626e+01 4.196652357253566379e+01
4.302150881313852437e+01 4.622415639970912338e+01 4.290983096844292533e+01
4.340451072368775698e+01 4.610493431614584381e+01 4.197524909180716435e+01
4.672350293167279034e+01 4.724273073430384784e+01 4.302681555376217659e+01
4.637360168852166709e+01 4.439337575896827559e+01 4.269144673997406159e+01
4.171204163279518440e+01 4.593577561403471776e+01 4.267909353840785514e+01
4.177995782392733304e+01 4.680469668687151596e+01 4.331583804872152399e+01
4.310079247079900000e+01 4.706209166694478085e+01 4.192611918860809794e+01
4.396501910893059062e+01 4.678614678146464456e+01 4.150215124252891741e+01
4.638173581163089665e+01 4.738938522016294996e+01 4.201925377560205277e+01
4.367102276432695618e+01 4.777800475820051673e+01 4.233096509599398161e+01
4.455883925640205945e+01 4.752365393301019481e+01 4.183376000186142818e+01
4.686748428118256271e+01 4.855585370095118947e+01 4.438791900377049160e+01
4.633146371030889554e+01 4.610957577761421788e+01 4.226838117934136108e+01
4.315544555186443887e+01 4.820541709697032218e+01 4.318417322648782886e+01
4.555100273589357585e+01 4.851432661853807815e+01 4.291347091487284615e+01
4.795604625408983424e+01 4.763921666226104890e+01 4.551011723671270204e+01
4.732117078752116157e+01 4.697945160319873281e+01 4.224064687499891591e+01
4.494607446505437309e+01 4.189731488277924143e+01 4.387808081622663536e+01
4.731445915958959603e+01 4.163222504089339537e+01 4.423344294014709277e+01
4.248858513916345458e+01 4.310390349234635465e+01 4.258039577707842227e+01
4.585289227249037225e+01 4.196178385812958567e+01 4.434639627459916511e+01
4.632021388035122555e+01 4.174778340890290451e+01 4.296055050296305211e+01
4.669530665548957415e+01 4.233510123277677906e+01 4.382570910131923370e+01
4.729842495895660903e+01 4.227132306614320356e+01 4.301464686455456388e+01
4.177992697799753330e+01 4.281682858805463354e+01 4.393117153455580848e+01
4.464134895657542756e+01 4.301300199360197496e+01 4.252261297329310707e+01
4.470471365808854358e+01 4.287053430274112031e+01 4.396008534131455292e+01
4.575422352352811117e+01 4.411433433936706194e+01 4.186435471125361119e+01
4.431799915369946774e+01 4.228914366269784608e+01 4.318903395964739644e+01
4.586834944728842345e+01 4.221311575399509053e+01 4.219505831606201696e+01
4.686987435772775967e+01 4.455452910671633759e+01 4.357083898173245018e+01
4.235407135647128030e+01 4.390133764586793319e+01 4.376194476850686499e+01
4.257326179775282071e+01 4.471490819459135935e+01 4.525394372460477399e+01
4.274163826417939305e+01 4.298354255670629698e+01 4.360096161845171991e+01
4.378174152281971487e+01 4.420270340697358336e+01 4.388127531269906001e+01
4.532685188016907318e+01 4.430156566033353016e+01 4.279139124179982190e+01
4.641795089845486899e+01 4.366809316233424454e+01 4.340677534321140030e+01
4.219691963780577737e+01 4.424035040354065274e+01 4.277396884295522739e+01
4.315292555557047649e+01 4.484100728917241696e+01 4.338826507110938024e+01
4.295000789553245824e+01 4.454767316400538846e+01 4.432423227316593994e+01
4.696021071108089728e+01 4.561270465977744237e+01 4.373224756043414629e+01
4.486792952213453134e+01 4.461579279624748295e+01 4.362734171235935321e+01
4.629994910495123861e+01 4.334490390611812671e+01 4.605320791777983658e+01
4.757751179244263540e+01 4.484568740172809242e+01 4.291227120875522871e+01
4.215649673427635236e+01 4.487461821534233763e+01 4.357464046461229401e+01
4.322561588043661374e+01 4.578527838908253500e+01 4.378769279788488689e+01
4.410503606498961915e+01 4.529495342326608665e+01 4.361137982713175631e+01
4.628465880100628738e+01 4.538567953292574231e+01 4.298211861707337533e+01
4.744406735894272487e+01 4.413477503255836609e+01 4.171542497949958772e+01
4.092174980067718337e+01 4.571193235701651503e+01 4.484237329437267761e+01
4.268849726081379714e+01 4.716103173585666752e+01 4.475547363438531079e+01
4.388369054270864211e+01 4.681138564882684250e+01 4.251542622356387113e+01
4.632517885929492252e+01 4.635049367923955543e+01 4.325339466379820408e+01
4.718090212067492217e+01 4.806362059952746790e+01 4.355036842225982241e+01
4.732303305344500188e+01 4.647459872297361017e+01 4.337779902657289455e+01
4.396555610980818329e+01 4.762200240786021510e+01 4.327797288208409299e+01
4.458848112781833350e+01 4.822536462320306327e+01 4.256672216246303719e+01
4.534994807227254654e+01 4.662314706740616543e+01 4.339407564752484348e+01
4.576888901762112027e+01 4.751411238485409427e+01 4.316086492512233264e+01
4.650204674295618190e+01 4.820682997696260941e+01 4.282753048931694195e+01
4.324362020594685418e+01 4.758494250162398487e+01 4.396953518522366267e+01
4.607746548995876168e+01 4.838638999572651045e+01 4.377359373105258555e+01
4.694489436719427999e+01 4.751446996517119459e+01 4.486657411722498523e+01
4.538513430591428488e+01 4.131119174667086469e+01 4.319093801026750867e+01
4.643572958382513605e+01 4.128738629912107427e+01 4.389172479555913498e+01
4.498139182091289001e+01 4.160252970850749676e+01 4.486315825632240717e+01
4.453118092074461032e+01 4.097373416749275066e+01 4.421158129313114671e+01
4.814825670637245736e+01 4.333678641606546478e+01 4.311448664255964758e+01
4.280399173778032917e+01 4.219199234224379325e+01 4.294445694374652334e+01
4.555025984935633687e+01 4.100200818322893781e+01 4.427302730300988998e+01
4.726411623120771566e+01 4.315552289867427760e+01 4.359480131353811316e+01
4.864466710707112185e+01 4.469793811576158760e+01 4.322916058514237392e+01
4.343990662616539566e+01 4.226092224149214616e+01 4.375413713246204139e+01
4.293821620426859909e+01 4.369036468830960018e+01 4.535440800172773379e+01
4.455442018004308125e+01 4.372161026247837867e+01 4.323883815906432204e+01
4.545092387222722152e+01 4.379976932943147006e+01 4.367599413326477276e+01
4.778640395568795185e+01 4.341254106773102706e+01 4.508301939918595025e+01
4.736836585311579029e+01 4.267420290470160893e+01 4.454301717689347839e+01
4.133402389504485086e+01 4.438488495593841066e+01 4.327951423274986098e+01
4.192149934720931981e+01 4.441071478945717388e+01 4.451277798091355464e+01
4.358694408201316861e+01 4.482910884769302839e+01 4.533391082216251533e+01
4.399471746094691582e+01 4.450111404819543992e+01 4.294669091261135208e+01
4.610521615052868327e+01 4.289915458296507467e+01 4.517337820376088331e+01
4.586599413753611998e+01 4.472478838521612943e+01 4.360587013647023724e+01
4.809835388803559653e+01 4.323564467129393307e+01 4.414588329939765288e+01
4.796148000485999319e+01 4.566905002361985311e+01 4.333500670808118826e+01
4.127803827348414245e+01 4.541781422782995037e+01 4.342830988806912274e+01
4.271649224025983926e+01 4.547811126019048800e+01 4.461481979714004353e+01
4.217379295217097734e+01 4.631595456098274610e+01 4.451264049962713898e+01
4.371645892206860395e+01 4.553884456476465203e+01 4.463407992365717547e+01
4.631323720123373278e+01 4.525650862298034838e+01 4.441826643565559607e+01
4.791500689107820676e+01 4.493241079903857127e+01 4.516179804272580611e+01
4.223919811488458720e+01 4.587445817547311577e+01 4.358522008576868956e+01
4.125362115482178638e+01 4.624320109452087735e+01 4.402370413459007636e+01
4.457036990367212326e+01 4.706488935226002468e+01 4.384705455695922183e+01
4.436700839665135021e+01 4.613372979739165913e+01 4.415790948218858603e+01
4.436111137683291616e+01 4.722288246003124357e+01 4.487679149110291377e+01
4.722570827777007452e+01 4.562269883503036283e+01 4.470825975429455212e+01
4.655080230848673750e+01 4.321077701852650677e+01 4.433256369121500740e+01
4.173658786428896406e+01 4.718742470414718326e+01 4.427374749513345620e+01
4.252347238008067620e+01 4.534881778171874345e+01 4.277272076867627248e+01
4.278680680204715259e+01 4.670457647323939199e+01 4.382469200984944280e+01
4.409185546089666019e+01 4.630607899935006344e+01 4.518744587778710553e+01
4.677872218148463901e+01 4.646497293603334811e+01 4.422518028210235030e+01
4.228822636635839416e+01 4.764170525630252229e+01 4.352222689546923107e+01
4.255123429145588432e+01 4.813284806222411305e+01 4.444817799917392875e+01
4.306964298350480647e+01 4.722680257404322646e+01 4.292684751891601280e+01
4.476962795531690631e+01 4.722512323306441573e+01 4.283357486176133477e+01
4.605996559447576999e+01 4.797269918528142796e+01 4.476185083294056000e+01
4.744573413514481786e+01 4.722478920370381417e+01 4.404150652893687123e+01
4.892249834933731734e+01 4.558366755886863331e+01 4.364609517990147225e+01
4.339831233854870618e+01 4.857126542540266456e+01 4.414121595873745463e+01
4.526638206887889737e+01 4.899664032197245689e+01 4.378912281426114816e+01
4.491638178530629943e+01 4.796234084361977068e+01 4.350225152345003465e+01
4.777400525683204791e+01 4.800381858942367330e+01 4.459339106210340020e+01
4.785860948344862464e+01 4.732786032148707989e+01 4.311696491913286877e+01
4.840713164438597005e+01 4.710783413313485113e+01 4.429577854198851838e+01
4.438911035470047040e+01 4.109121537575312999e+01 4.596702450718294131e+01
4.622421331527601041e+01 4.138833841399365099e+01 4.607670561982732949e+01
4.377471927617315117e+01 4.132047215647926208e+01 4.363822395121220410e+01
4.559215427571113111e+01 4.093879790835224952e+01 4.531242756252414949e+01
4.366337026010445044e+01 4.172731463310222466e+01 4.267750891026510374e+01
4.642268909120868159e+01 4.189719470014803449e+01 4.517788681796847072e+01
4.746536855648886188e+01 4.176460246107468777e+01 4.523071861843919805e+01
4.219622034815221667e+01 4.341791927888480274e+01 4.466004695938150348e+01
4.380469474559974685e+01 4.321142249529680868e+01 4.367288727409116689e+01
4.384469370287538936e+01 4.279631008965541383e+01 4.460559995689987289e+01
4.764343197883237480e+01 4.323626738353812016e+01 4.225321681235181615e+01
4.880738784151024134e+01 4.338947566803701505e+01 4.493910019861399974e+01
4.186170375055348813e+01 4.235596068258831082e+01 4.490572921659935446e+01
4.557938728536621653e+01 4.357966006537691328e+01 4.465068248244710247e+01
4.457120036119098927e+01 4.329200063851339308e+01 4.510533761670652808e+01
4.878300004378196064e+01 4.382737341315267088e+01 4.371806037723253269e+01
4.132568165115721115e+01 4.370446155542200017e+01 4.405319648617651040e+01
4.101762939527728946e+01 4.413648886520739723e+01 4.491562096941932936e+01
4.175358810647969676e+01 4.540662122683777113e+01 4.433369068234379284e+01
4.287566465240849567e+01 4.555260539092436289e+01 4.582963588970642377e+01
4.463090510014662726e+01 4.382671274042537135e+01 4.425329641242169743e+01
4.557862020420285631e+01 4.263209161124305524e+01 4.604862508289342315e+01
4.827479573900289722e+01 4.253914501941658699e+01 4.494648357780466341e+01
4.913382363803202679e+01 4.433711763370469328e+01 4.500654828266667096e+01
4.134340005720981281e+01 4.663333254239334735e+01 4.504031986201206195e+01
4.373747166761978633e+01 4.661135329808993788e+01 4.349109007316534559e+01
4.439056412995413581e+01 4.480454120234150395e+01 4.449925919880186598e+01
4.506746102548186172e+01 4.560352808572201155e+01 4.362710986363784826e+01
4.603283031800514635e+01 4.431965181635097650e+01 4.529015273248057127e+01
4.785329016132194369e+01 4.418317151333825876e+01 4.360917716326860472e+01
4.544679441589882174e+01 4.832754411193214850e+01 4.547024151395896752e+01
4.610473152109938866e+01 4.695134160615133823e+01 4.478506382536981789e+01
4.696491250954558438e+01 4.467069295760388314e+01 4.494435205488382223e+01
4.863352282198935939e+01 4.685124944890657162e+01 4.524692661096404578e+01
4.098845114224225483e+01 4.478523006077880098e+01 4.414784252128202269e+01
4.350043699962078136e+01 4.783168569536460524e+01 4.491965444289454723e+01
4.548968161302303059e+01 4.736876720604768565e+01 4.411405713771569026e+01
4.583070156764399172e+01 4.607668450038516283e+01 4.408480179097283980e+01
4.727370589577048321e+01 4.390322712249174231e+01 4.437705751748390526e+01
4.879126376511448626e+01 4.520559661103302318e+01 4.464797839388658218e+01
4.191086280614447901e+01 4.770000931379649955e+01 4.513704360380391734e+01
4.271660209712654677e+01 4.826744412964504960e+01 4.542525030591058766e+01
4.647688314400882348e+01 4.747778168675058197e+01 4.397695739603253884e+01
4.787813999046282731e+01 4.621999042175019667e+01 4.417210366193061333e+01
4.885830244409453371e+01 4.620987161381599151e+01 4.443773657125688459e+01
4.358281993319156555e+01 4.881102511525542553e+01 4.513440320478926537e+01
4.419511971532340056e+01 4.795514366851195831e+01 4.420281757214618779e+01
4.512764100695137159e+01 4.824134588842266425e+01 4.444282649564902243e+01
4.767469404102966735e+01 4.681824459185158105e+01 4.495510306367672371e+01
4.410312428232847282e+01 4.862136890105926312e+01 4.335501700984843865e+01
4.726751813202694308e+01 4.810764928964049858e+01 4.635644815444322830e+01
4.307547935447326637e+01 4.150130333367314961e+01 4.445781837723437491e+01
4.429700117214141386e+01 4.147912940773654356e+01 4.698803924222777084e+01
4.241506986235268073e+01 4.200742063427823325e+01 4.385875801552109010e+01
4.407304794586630692e+01 4.183255649216185645e+01 4.445052957677076222e+01
4.396914688981527064e+01 4.103634552518614953e+01 4.504986071916287216e+01
4.402444784424713475e+01 4.215741675678599165e+01 4.626017568485999476e+01
4.442645079511783734e+01 4.230369814482739343e+01 4.534771475274367702e+01
4.792791791555752923e+01 4.231123295839363863e+01 4.379068730170293122e+01
4.255076419641495988e+01 4.168047718812737656e+01 4.529848974924663452e+01
4.284515496780868915e+01 4.261849588909763753e+01 4.454896591514502546e+01
4.385880702555613198e+01 4.396123934684194268e+01 4.488340016979620373e+01
4.570625309819458693e+01 4.286162367326697620e+01 4.392486746132017572e+01
4.679921087401228874e+01 4.367243511416844370e+01 4.524287922280412744e+01
4.792552108986862436e+01 4.239814385796420737e+01 4.588786179011756872e+01
4.858340250429870366e+01 4.331059591407619536e+01 4.592697665833613030e+01
4.130675068142435435e+01 4.318990406430138762e+01 4.510103272766427551e+01
4.313193440087025010e+01 4.355750173666804415e+01 4.432780687740699221e+01
4.308553431253280763e+01 4.466290333648016997e+01 4.623892785149327977e+01
4.403509243607297208e+01 4.290688380906059507e+01 4.694688833889058799e+01
4.539564965666502161e+01 4.355052682445211332e+01 4.563857466895373705e+01
4.651585188062135501e+01 4.236375714794806413e+01 4.631696705990643892e+01
4.745862760516607182e+01 4.309569128191625254e+01 4.763445411332548929e+01
4.881477240685063634e+01 4.417487865882748110e+01 4.638272417699112538e+01
4.185594581563030658e+01 4.402425858864613417e+01 4.546811564567614283e+01
4.482595196269873838e+01 4.435835055196529453e+01 4.529025876960949404e+01
4.631097848790978588e+01 4.418656321338049509e+01 4.432163405030792092e+01
4.738408435992133150e+01 4.340162764956542674e+01 4.601702053132777337e+01
4.736649263799476017e+01 4.388160304735136208e+01 4.690990501207198804e+01
4.824767372879648519e+01 4.420849578181854156e+01 4.454983043788634234e+01
4.222760799879615234e+01 4.676372189227718223e+01 4.555626442791314190e+01
4.300876304401486294e+01 4.627850887682446768e+01 4.515206112621677903e+01
4.419269303321043196e+01 4.464795240257235776e+01 4.643109288455558215e+01
4.443787892525327976e+01 4.535510862481880423e+01 4.535814493736278052e+01
4.514952020248178144e+01 4.437030303029035139e+01 4.624106861536080970e+01
4.811267906039582698e+01 4.591981013108976839e+01 4.509950112389610410e+01
4.421683898754179864e+01 4.723295884956382906e+01 4.591291126501737807e+01
4.512839909987409470e+01 4.555644908595802178e+01 4.464486674449025827e+01
4.538806338795397011e+01 4.459089623425025906e+01 4.448431251914959006e+01
4.647874370532095867e+01 4.527149336559639892e+01 4.557928781924082529e+01
4.269705433779326142e+01 4.682062931079907742e+01 4.648848943002835910e+01
4.356263646963158465e+01 4.676637367612300267e+01 4.447134562766337496e+01
4.350381084070226478e+01 4.745679999545374272e+01 4.658017184862080740e+01
4.546843889361042557e+01 4.516738426494999459e+01 4.552315500556620975e+01
4.590969366007239927e+01 4.600821148689419005e+01 4.510793841841106655e+01
4.791437099384768317e+01 4.508343712936604675e+01 4.415290537059341602e+01
4.289350972225044956e+01 4.825790229594321090e+01 4.642876597173808761e+01
4.501686122851270966e+01 4.616356338438628626e+01 4.555928827942788928e+01
4.516428389029869095e+01 4.657165820297812786e+01 4.465604740401809636e+01
4.444368932240351455e+01 4.906152204221649527e+01 4.463956741811151829e+01
4.683067882459683773e+01 4.636967463150022439e+01 4.525593364856236889e+01
4.714041221522713698e+01 4.713868963532843281e+01 4.581629566956972610e+01
4.722797702674613873e+01 4.842332068887036201e+01 4.532339875581941868e+01
4.335448509627791225e+01 4.181860058574739014e+01 4.693274413117049448e+01
4.273792728595216062e+01 4.270371692566126853e+01 4.555032729627959753e+01
4.335580296821520108e+01 4.139947271250008498e+01 4.595554647205216980e+01
4.147217807605275652e+01 4.497071267062412403e+01 4.523013043947044309e+01
4.346075884668048417e+01 4.208496480841085230e+01 4.520692193866070596e+01
4.230541169285170611e+01 4.345316321966246420e+01 4.618382477635100258e+01
4.522392444992730276e+01 4.259559083118054446e+01 4.479833675814006710e+01
4.703349116884677983e+01 4.263004786972363291e+01 4.548593755536786176e+01
4.657059642010370482e+01 4.265779559102152518e+01 4.784068748102540525e+01
4.181529617151389289e+01 4.255309356220615058e+01 4.590551328479795501e+01
4.371505733725150833e+01 4.295374520344976332e+01 4.563809405005964948e+01
4.462749488495555994e+01 4.297049788839679962e+01 4.606718494962331789e+01
4.725062717460813388e+01 4.228085496718859559e+01 4.703535924606308072e+01
4.796624072034041575e+01 4.294903631584341497e+01 4.675591935668651189e+01
4.105839117086345880e+01 4.439533613115157351e+01 4.594468318076994251e+01
4.201494260608576781e+01 4.580462399690097186e+01 4.535748545305325052e+01
4.328507819033443127e+01 4.367034572723004970e+01 4.629222765798139960e+01
4.417598146998501818e+01 4.383615609382339784e+01 4.584641383291984340e+01
4.459446828252261241e+01 4.381079240814862885e+01 4.688449683905272281e+01
4.846920446633340873e+01 4.478231767812859232e+01 4.723813201781387505e+01
4.802712414228118121e+01 4.413138809896661741e+01 4.575090150213758733e+01
4.832437440906201687e+01 4.378920977759937472e+01 4.718507236861732679e+01
4.250442525090906543e+01 4.511913457600201127e+01 4.696201661475885913e+01
4.382355024333378424e+01 4.554164650399331293e+01 4.617427925251428178e+01
4.581760804738823367e+01 4.600287437025954773e+01 4.614539446854477234e+01
4.641139160368420846e+01 4.415959166207464648e+01 4.662647799463935172e+01
4.741695834875214643e+01 4.557735014927969530e+01 4.574756157607429685e+01
4.803985023508749208e+01 4.646672015490722174e+01 4.595901629108942643e+01
4.441517754854310596e+01 4.634787079768694440e+01 4.641687778886415572e+01
4.516431289162407836e+01 4.697251414190183283e+01 4.618810458373537386e+01
4.608993633199361284e+01 4.693077760746810156e+01 4.579536317353591812e+01
4.790481580567747244e+01 4.494947267789876832e+01 4.635416799171833446e+01
4.352081957693214775e+01 4.650261641640572918e+01 4.599594797295570459e+01
4.307443731333166426e+01 4.592266764241145438e+01 4.673918932445114649e+01
4.367821117396002251e+01 4.664031358686234086e+01 4.713539721659736159e+01
4.489172090524482428e+01 4.545237101171429117e+01 4.630804935440128389e+01
4.215293757453953560e+01 4.759217953876537877e+01 4.612342211767420252e+01
4.306688195989055146e+01 4.733668634729466618e+01 4.567835117746488294e+01
4.370772283399027458e+01 4.812801975692306655e+01 4.586278162661117364e+01
4.568834795241790658e+01 4.782253761730333963e+01 4.632121387206493779e+01
4.653895268016346876e+01 4.731568621411346243e+01 4.660840581362810298e+01
4.647499848398240374e+01 4.787747462746304450e+01 4.570594678858850557e+01
4.398739079989796608e+01 4.844261357507878785e+01 4.677493055636103492e+01
4.558914482483548625e+01 4.907966813319842458e+01 4.476045623372992566e+01
4.633113619396121408e+01 4.860201911956151832e+01 4.638039555687849003e+01
4.634532715533804037e+01 4.891693989492120664e+01 4.540184749154699517e+01
4.503273697212753746e+01 4.178166026147356860e+01 4.760421180207053737e+01
4.514371068582130420e+01 4.173890272981778793e+01 4.584178694114116581e+01
4.296279828137708989e+01 4.323152339093822860e+01 4.727212440647074487e+01
4.254926935231703311e+01 4.190185093127204397e+01 4.627739749777952483e+01
4.491654994178036020e+01 4.223805757470375255e+01 4.670586322747524832e+01
4.725004230294960905e+01 4.168401630559974791e+01 4.620977947686296972e+01
4.225821034014457211e+01 4.258050968468352693e+01 4.695734488663732265e+01
4.318053264598135854e+01 4.267830050657606478e+01 4.644924033918989181e+01
4.406977080817316761e+01 4.218955730717340913e+01 4.766496971828756557e+01
4.365599354733456749e+01 4.400992904106958292e+01 4.716711659128297640e+01
4.549929152429358226e+01 4.343600436531947651e+01 4.664635820090709473e+01
4.131017293217107778e+01 4.342225800660305879e+01 4.608896673384477083e+01
4.177250788353124733e+01 4.347899988400703108e+01 4.704694286796678426e+01
4.297243433446105598e+01 4.457527879874124466e+01 4.770926214098383156e+01
4.446527756017164990e+01 4.473306192941462456e+01 4.739372925880879706e+01
4.559016735390281383e+01 4.431039387320113576e+01 4.719522766957052795e+01
4.743158789292009203e+01 4.484968699498818978e+01 4.725391830827611273e+01
4.766669909050327192e+01 4.407997253675102911e+01 4.788432612511712705e+01
4.902286265577570390e+01 4.500317524158908356e+01 4.582428731451308579e+01
4.129260447316213600e+01 4.535581852987503026e+01 4.651755574705558871e+01
4.204378517469353937e+01 4.483317963273101725e+01 4.610050653403587262e+01
4.435968972214567430e+01 4.572243119129719702e+01 4.720971291787914481e+01
4.592277586804553380e+01 4.502494638987081288e+01 4.641801403122416048e+01
4.643119811483985160e+01 4.483798672560568832e+01 4.737923700391111481e+01
4.674736114999264913e+01 4.634678939510483531e+01 4.628980289132470460e+01
4.889668253065266157e+01 4.599741046487594787e+01 4.574337391185504487e+01
4.709036983705955492e+01 4.444344640687431536e+01 4.592196747471984963e+01
4.109585226623794085e+01 4.601523053601928126e+01 4.578786218631165639e+01
4.272103181961221452e+01 4.624152815915241632e+01 4.762484697169360714e+01
4.409232430803457703e+01 4.637069121319065346e+01 4.802590141517791267e+01
4.527924926957813057e+01 4.529148017191527487e+01 4.721903647150953276e+01
4.616314629998118590e+01 4.578302815849661300e+01 4.706685434163136250e+01
4.674501023744954864e+01 4.657795124732150782e+01 4.727213197456895699e+01
4.196844013770302695e+01 4.686668376900347255e+01 4.718302712123303877e+01
4.459988027712130787e+01 4.809539605048075828e+01 4.754102471631280480e+01
4.472721958635732165e+01 4.807164967370015063e+01 4.613266261872917084e+01
4.491829789787202287e+01 4.684590440075219675e+01 4.770269680845063220e+01
4.594873429491778438e+01 4.540639579793228364e+01 4.804968908117049153e+01
4.267470704590024866e+01 4.758041093853461945e+01 4.715053010036827175e+01
4.443475448230240943e+01 4.820419109214634545e+01 4.518013475040205407e+01
4.445597871953255265e+01 4.725589975654564512e+01 4.689581630669432855e+01
4.521870406651613195e+01 4.894989613509279280e+01 4.623121331022665004e+01
4.569393144452823208e+01 4.717263786165011652e+01 4.715902100120372609e+01
4.429087321635339691e+01 4.894718266940972029e+01 4.585535531455353464e+01
4.527647945113425010e+01 4.736285783471577560e+01 4.526478119792376020e+01
4.631931323175700044e+01 4.807156998286075833e+01 4.723827274262286124e+01
4.728623115305632751e+01 4.742825739840565547e+01 4.731193052030825896e+01
4.545753298708422818e+01 4.139165593557026313e+01 4.675751582409541385e+01
4.259694035367605380e+01 4.409687827248047398e+01 4.690932194918531195e+01
4.490722510972453563e+01 4.291623614419132338e+01 4.744378157621464709e+01
4.638503575231359832e+01 4.174592873458035314e+01 4.709386014907658335e+01
4.229473368561758662e+01 4.382283110989433794e+01 4.783511995670966854e+01
4.436769265913380877e+01 4.356104995940498270e+01 4.873219718512893195e+01
4.387515383523123802e+01 4.315258220209774009e+01 4.792167127747638489e+01
4.579379353587849266e+01 4.255637987439983760e+01 4.707316121879102866e+01
4.154330182238734182e+01 4.444914692194981143e+01 4.688755434703264768e+01
4.151243011691858698e+01 4.680905598880843144e+01 4.625531100512765903e+01
4.494471838562280652e+01 4.388959654341421412e+01 4.787228314346764790e+01
4.594575664070977439e+01 4.492178375973499271e+01 4.892712309126687842e+01
4.669662952758987728e+01 4.313259121855179501e+01 4.695213390277622523e+01
4.668694886597027249e+01 4.391145402582468904e+01 4.767241953027757972e+01
4.856195972592421839e+01 4.565043634246780613e+01 4.672443251242836482e+01
4.209691654107422210e+01 4.595426538951645057e+01 4.634718462649244941e+01
4.352965193776303465e+01 4.508252247550354497e+01 4.704087710372273534e+01
4.396161674551019161e+01 4.422664547058904105e+01 4.809582790328044410e+01
4.585478823991441999e+01 4.423573705134911194e+01 4.819593738947225603e+01
4.688029064747410501e+01 4.530359760762132026e+01 4.655013905008112118e+01
4.808037891565000876e+01 4.693935630682972260e+01 4.685235978716521288e+01
4.323895141122245178e+01 4.614737203792419962e+01 4.849815591470427734e+01
4.261854958520488879e+01 4.539357019170817154e+01 4.819798074703167146e+01
4.369069150992684314e+01 4.538336036706100174e+01 4.799240934992835861e+01
4.560123043081686944e+01 4.707452292233364233e+01 4.849284758100312587e+01
4.591144835328995555e+01 4.641088841656840458e+01 4.780627030738603622e+01
4.183643490593063774e+01 4.588330871865709071e+01 4.731247993146421038e+01
4.326794052823629499e+01 4.701029943015912238e+01 4.797116993543368579e+01
4.526074891523612109e+01 4.626225981818829069e+01 4.695102356770283336e+01
4.359215594228565038e+01 4.784145556955705558e+01 4.751161974353507844e+01
4.420975661307066673e+01 4.739625014172958117e+01 4.816695323369936688e+01
4.482782098679945904e+01 4.648905019147169781e+01 4.879083616580884097e+01
4.541587183988686149e+01 4.848873340463096326e+01 4.709781952996883092e+01
4.553502434592140702e+01 4.786402886879533725e+01 4.788077701719703327e+01
4.533223894063325332e+01 4.329879812850382592e+01 4.866156638208702390e+01
4.557487259246821054e+01 4.247945431970401842e+01 4.810497731634962548e+01
4.307294240132636531e+01 4.229411299834323046e+01 4.786467246424015798e+01
4.461854798714244197e+01 4.265411686998299245e+01 4.837330544563734236e+01
4.318312421016557323e+01 4.368541599308781542e+01 4.841900344844977866e+01
4.432335170165677596e+01 4.466281437132224852e+01 4.893684819194007929e+01
4.581378951992611093e+01 4.338386674751968997e+01 4.765623788990519927e+01
4.674843987182643446e+01 4.548388596252794258e+01 4.865944126801249325e+01
4.195795901767503011e+01 4.478826209809250258e+01 4.773316121666616141e+01
4.499854766220801849e+01 4.586315199298154965e+01 4.799330528926289219e+01
4.758703668694284517e+01 4.602220287847051594e+01 4.673639715548143414e+01
4.753556391341371068e+01 4.503184943747175595e+01 4.823899201202786458e+01
4.800380920792110828e+01 4.563524781208501224e+01 4.757536322858832278e+01
4.326985801429565726e+01 4.465688395356855978e+01 4.867754275967044464e+01
4.413921788570668525e+01 4.575018065473445006e+01 4.885097836779925018e+01
4.765013599246275788e+01 4.657062740470510676e+01 4.770646424908893835e+01
4.695414307012542565e+01 4.563445952367916192e+01 4.768409478065291296e+01
4.510941314169062366e+01 4.550469776925542220e+01 4.907183983705988339e+01
4.637554754536253654e+01 4.732124583611680890e+01 4.790029641626824741e+01
4.680440512265597874e+01 4.642255316457612935e+01 4.828186222186788967e+01
4.522546959129702770e+01 4.423270782938974577e+01 4.901553141772682665e+01
4.637104803906018446e+01 4.342029424810434790e+01 4.849176071517353392e+01
4.507934794471954376e+01 4.488135723901714158e+01 4.826365677949290500e+01
4.677974958730365529e+01 4.446354707226036851e+01 4.860921397100474195e+01
4.586626139324673801e+01 4.611828338077820888e+01 4.879143125598780273e+01
