4.532989187972956557e+01 4.405687688002097957e+01 4.521733468973226877e+01
4.532989187972956557e+01 4.405687688002097957e+01 4.521733468973226877e+01
4.532989187972956557e+01 4.405687688002097957e+01 4.521733468973226877e+01
4.532989187972956557e+01 4.405687688002097957e+01 4.521733468973226877e+01
4.532989187972956557e+01 4.405687688002097957e+01 4.521733468973226877e+01
4.532989187972956557e+01 4.405687688002097957e+01 4.521733468973226877e+01
4.532989187972956557e+01 4.405687688002097957e+01 4.521733468973226877e+01
4.532989187972956557e+01 4.405687688002097957e+01 4.521733468973226877e+01
4.532989187972956557e+01 4.405687688002097957e+01 4.521733468973226877e+01
4.532989187972956557e+01 4.405687688002097957e+01 4.521733468973226877e+01
4.532989187972956557e+01 4.405687688002097957e+01 4.521733468973226877e+01
4.532989187972956557e+01 4.405687688002097957e+01 4.521733468973226877e+01
4.532989187972956557e+01 4.405687688002097957e+01 4.521733468973226877e+01
4.532989187972956557e+01 4.405687688002097957e+01 4.521733468973226877e+01
4.532989187972956557e+01 4.405687688002097957e+01 4.521733468973226877e+01
4.532989187972956557e+01 4.405687688002097957e+01 4.521733468973226877e+01
4.532989187972956557e+01 4.405687688002097957e+01 4.521733468973226877e+01
4.532989187972956557e+01 4.405687688002097957e+01 4.521733468973226877e+01
4.532989187972956557e+01 4.405687688002097957e+01 4.521733468973226877e+01
4.532989187972956557e+01 4.405687688002097957e+01 4.521733468973226877e+01
4.532989187972956557e+01 4.405687688002097957e+01 4.521733468973226877e+01
4.532989187972956557e+01 4.405687688002097957e+01 4.521733468973226877e+01
4.532989187972956557e+01 4.405687688002097957e+01 4.521733468973226877e+01
4.532989187972956557e+01 4.405687688002097957e+01 4.521733468973226877e+01
4.532989187972956557e+01 4.405687688002097957e+01 4.521733468973226877e+01
4.532989187972956557e+01 4.405687688002097957e+01 4.521733468973226877e+01
4.532989187972956557e+01 4.405687688002097957e+01 4.521733468973226877e+01
4.532989187972956557e+01 4.405687688002097957e+01 4.521733468973226877e+01
4.532989187972956557e+01 4.405687688002097957e+01 4.521733468973226877e+01
4.532989187972956557e+01 4.405687688002097957e+01 4.521733468973226877e+01
4.532989187972956557e+01 4.405687688002097957e+01 4.521733468973226877e+01
4.532989187972956557e+01 4.405687688002097957e+01 4.521733468973226877e+01
4.532989187972956557e+01 4.405687688002097957e+01 4.521733468973226877e+01
4.532989187972956557e+01 4.405687688002097957e+01 4.521733468973226877e+01
4.532989187972956557e+01 4.405687688002097957e+01 4.521733468973226877e+01
4.532989187972956557e+01 4.405687688002097957e+01 4.521733468973226877e+01
4.532989187972956557e+01 4.405687688002097957e+01 4.521733468973226877e+01
4.532989187972956557e+01 4.405687688002097957e+01 4.521733468973226877e+01
4.532989187972956557e+01 4.405687688002097957e+01 4.521733468973226877e+01
4.532989187972956557e+01 4.405687688002097957e+01 4.521733468973226877e+01
4.532989187972956557e+01 4.405687688002097957e+01 4.521733468973226877e+01
4.532989187972956557e+01 4.405687688002097957e+01 4.521733468973226877e+01
4.532989187972956557e+01 4.405687688002097957e+01 4.521733468973226877e+01
4.532989187972956557e+01 4.405687688002097957e+01 4.521733468973226877e+01
4.532989187972956557e+01 4.405687688002097957e+01 4.521733468973226877e+01
4.532989187972956557e+01 4.405687688002097957e+01 4.521733468973226877e+01
4.532989187972956557e+01 4.405687688002097957e+01 4.521733468973226877e+01
4.532989187972956557e+01 4.405687688002097957e+01 4.521733468973226877e+01
4.532989187972956557e+01 4.405687688002097957e+01 4.521733468973226877e+01
4.532989187972956557e+01 4.405687688002097957e+01 4.521733468973226877e+01
4.532989187972956557e+01 4.405687688002097957e+01 4.521733468973226877e+01
4.532989187972956557e+01 4.405687688002097957e+01 4.521733468973226877e+01
4.532989187972956557e+01 4.405687688002097957e+01 4.521733468973226877e+01
4.532989187972956557e+01 4.405687688002097957e+01 4.521733468973226877e+01
4.532989187972956557e+01 4.405687688002097957e+01 4.521733468973226877e+01
4.532989187972956557e+01 4.405687688002097957e+01 4.521733468973226877e+01
4.532989187972956557e+01 4.405687688002097957e+01 4.521733468973226877e+01
4.532989187972956557e+01 4.405687688002097957e+01 4.521733468973226877e+01
4.532989187972956557e+01 4.405687688002097957e+01 4.521733468973226877e+01
4.532989187972956557e+01 4.405687688002097957e+01 4.521733468973226877e+01
4.532989187972956557e+01 4.405687688002097957e+01 4.521733468973226877e+01
4.532989187972956557e+01 4.405687688002097957e+01 4.521733468973226877e+01
4.532989187972956557e+01 4.405687688002097957e+01 4.521733468973226877e+01
4.532989187972956557e+01 4.405687688002097957e+01 4.521733468973226877e+01
4.532989187972956557e+01 4.405687688002097957e+01 4.521733468973226877e+01
4.532989187972956557e+01 4.405687688002097957e+01 4.521733468973226877e+01
